baseline = 11.54
11.57
11.59
11.61
11.62
11.63
11.64
11.64
11.65
11.66
11.67
11.67
11.67
11.67
11.66
11.65
11.65
11.64
11.64
11.64
11.63
11.63
11.62
11.61
11.60
11.59
11.56
11.53
11.50
11.49
11.47
11.45
11.43
11.40
11.38
11.37
11.35
11.34
11.32
11.32
11.32
11.31
11.30
11.29
11.27
11.26
11.26
11.25
11.24
11.25
11.24
11.23
11.22
11.22
11.21
11.20
11.20
11.20
11.20
11.20
11.20
11.20
11.20
11.20
11.19
11.19
11.19
11.19
11.18
11.18
11.18
11.18
11.18
11.19
11.18
11.18
11.19
11.19
11.19
11.19
11.19
11.20
11.20
11.20
11.20
11.19
11.19
11.19
11.19
11.20
11.20
11.20
11.20
11.21
11.21
11.21
11.22
11.22
11.21
11.21
11.22
11.22
11.23
11.23
11.24
11.24
11.23
11.23
11.23
11.24
11.24
11.25
11.26
11.26
11.25
11.25
11.25
11.25
11.24
11.24
11.24
11.23
11.23
11.23
11.23
11.22
11.22
11.21
11.20
11.20
11.20
11.20
11.19
11.19
11.19
11.19
11.18
11.17
11.17
11.18
11.18
11.19
11.18
11.18
11.18
11.18
11.18
11.19
11.19
11.19
11.20
11.19
11.19
11.20
11.20
11.20
11.21
11.22
11.22
11.22
11.22
11.22
11.22
11.22
11.21
11.21
11.20
11.20
11.20
11.20
11.20
11.20
11.20
11.20
11.20
11.19
11.19
11.19
11.18
11.19
11.18
11.17
11.16
11.16
11.15
11.15
11.15
11.15
11.15
11.15
11.15
11.15
11.16
11.16
11.16
11.17
11.17
11.18
11.18
11.18
11.18
11.18
11.18
11.18
11.18
11.18
11.18
11.18
11.18
11.18
11.18
11.18
11.18
11.18
11.18
11.18
11.18
11.17
11.17
11.17
11.16
11.16
11.15
11.15
11.15
11.15
11.15
11.15
11.15
11.14
11.14
11.14
11.14
11.14
11.14
11.14
11.15
11.15
11.15
11.15
11.15
11.16
11.16
11.17
11.17
11.17
11.17
11.17
11.18
11.19
11.20
11.20
11.20
11.20
11.21
11.21
11.22
11.22
11.22
11.23
11.23
11.22
11.21
11.21
11.21
11.21
11.20
11.20
11.20
11.20
11.20
11.20
11.20
11.19
11.18
11.17
11.17
11.17
11.16
11.15
11.15
11.14
11.15
11.15
11.15
11.15
11.16
11.17
11.17
11.17
11.17
11.17
11.18
11.18
11.18
11.19
11.19
11.19
11.20
11.20
11.20
11.20
11.20
11.20
11.20
11.20
11.20
11.20
11.21
11.20
11.20
11.20
11.20
11.20
11.20
11.20
11.20
11.20
11.20
11.20
11.20
11.20
11.20
11.19
11.20
11.19
11.19
11.19
11.19
11.19
11.20
11.20
11.19
11.19
11.19
11.20
11.20
11.20
11.19
11.19
11.20
11.20
11.20
11.20
11.20
11.21
11.22
11.23
11.24
11.23
11.23
11.24
11.24
11.24
11.24
11.23
11.23
11.23
11.22
11.22
11.21
11.22
11.23
11.23
11.23
11.22
11.22
11.21
11.20
11.21
11.20
11.20
11.20
11.19
11.19
11.19
11.19
11.19
11.19
11.19
11.19
11.19
11.19
11.20
11.20
11.20
11.20
11.20
11.21
11.22
11.23
11.23
11.24
11.24
11.24
11.25
11.25
11.26
11.26
11.26
11.27
11.26
11.26
11.27
11.27
11.27
11.28
11.28
11.28
11.28
11.27
11.26
11.26
11.25
11.25
11.24
11.24
11.23
11.23
11.23
11.23
11.23
11.23
11.24
11.24
11.23
11.24
11.25
11.25
11.25
11.26
11.26
11.26
11.26
11.26
11.26
11.26
11.27
11.28
11.28
11.29
11.30
11.30
11.31
11.30
11.30
11.29
11.28
11.28
11.28
11.29
11.28
11.27
11.27
11.27
11.26
11.26
11.26
11.26
11.26
11.26
11.27
11.27
11.26
11.26
11.26
11.26
11.26
11.25
11.25
11.25
11.26
11.26
11.26
11.26
11.25
11.25
11.26
11.25
11.25
11.25
11.25
11.24
11.23
11.22
11.22
11.21
11.20
11.21
11.21
11.20
11.20
11.20
11.20
11.20
11.20
11.20
11.20
11.20
11.19
11.20
11.20
11.19
11.19
11.20
11.20
11.20
11.21
11.22
11.23
11.23
11.24
11.25
11.25
11.26
11.26
11.27
11.27
11.28
11.29
11.29
11.30
11.30
11.31
11.32
11.31
11.31
11.32
11.32
11.32
11.32
11.33
11.33
11.34
11.34
11.34
11.35
11.35
11.35
11.35
11.34
11.34
11.34
11.34
11.34
11.34
11.34
11.34
11.34
11.33
11.34
11.35
11.34
11.34
11.34
11.33
11.32
11.32
11.32
11.31
11.31
11.29
11.28
11.27
11.26
11.27
11.26
11.26
11.25
11.24
11.23
11.22
11.21
11.20
11.20
11.20
11.19
11.19
11.18
11.19
11.19
11.20
11.20
11.19
11.20
11.20
11.21
11.22
11.23
11.24
11.24
11.25
11.26
11.26
11.27
11.28
11.29
11.30
11.30
11.31
11.31
11.32
11.32
11.32
11.32
11.31
11.30
11.29
11.30
11.29
11.28
11.27
11.26
11.26
11.26
11.25
11.25
11.24
11.24
11.23
11.22
11.22
11.21
11.21
11.21
11.21
11.20
11.20
11.20
11.20
11.20
11.20
11.20
11.19
11.19
11.19
11.20
11.20
11.20
11.20
11.21
11.20
11.21
11.21
11.21
11.22
11.22
11.22
11.22
11.21
11.21
11.21
11.21
11.22
11.23
11.23
11.23
11.24
11.24
11.24
11.24
11.23
11.23
11.23
11.22
11.21
11.21
11.21
11.20
11.21
11.21
11.20
11.21
11.21
11.21
11.22
11.22
11.23
11.23
11.23
11.23
11.23
11.22
11.22
11.22
11.23
11.23
11.24
11.23
11.24
11.25
11.25
11.24
11.25
11.24
11.23
11.23
11.23
11.23
11.23
11.22
11.22
11.22
11.21
11.20
11.20
11.21
11.21
11.21
11.21
11.21
11.21
11.21
11.22
11.22
11.22
11.23
11.23
11.22
11.22
11.22
11.23
11.22
11.23
11.23
11.23
11.23
11.22
11.22
11.23
11.24
11.23
11.23
11.24
11.25
11.24
11.24
11.23
11.22
11.22
11.21
11.20
11.20
11.21
11.21
11.21
11.21
11.21
11.20
11.20
11.20
11.20
11.21
11.21
11.20
11.20
11.20
11.20
11.20
11.20
11.20
11.20
11.20
11.20
11.20
11.21
11.22
11.22
11.22
11.23
11.24
11.24
11.25
11.26
11.26
11.27
11.29
11.29
11.30
11.31
11.32
11.32
11.34
11.34
11.35
11.36
11.37
11.37
11.38
11.38
11.38
11.38
11.38
11.38
11.38
11.37
11.36
11.36
11.36
11.36
11.35
11.33
11.33
11.33
11.32
11.32
11.31
11.30
11.30
11.29
11.29
11.29
11.29
11.28
11.27
11.27
11.26
11.26
11.26
11.25
11.26
11.26
11.25
11.25
11.24
11.25
11.26
11.26
11.26
11.26
11.26
11.26
11.26
11.26
11.26
11.26
11.26
11.26
11.26
11.27
11.27
11.28
11.29
11.29
11.30
11.30
11.31
11.31
11.30
11.30
11.30
11.30
11.29
11.29
11.30
11.29
11.29
11.29
11.29
11.28
11.28
11.27
11.26
11.26
11.26
11.25
11.24
11.23
11.23
11.22
11.21
11.21
11.21
11.21
11.22
11.21
11.20
11.20
11.20
11.19
11.19
11.18
11.17
11.18
11.18
11.18
11.18
11.19
11.18
11.18
11.18
11.18
11.18
11.18
11.18
11.18
11.17
11.18
11.18
11.18
11.18
11.18
11.18
11.19
11.19
11.20
11.20
11.20
11.20
11.20
11.20
11.20
11.20
11.20
11.21
11.22
11.22
11.23
11.24
11.24
11.25
11.25
11.24
11.24
11.23
11.24
11.25
11.25
11.25
11.26
11.25
11.25
11.25
11.25
11.26
11.26
11.26
11.26
11.25
11.24
11.23
11.23
11.22
11.21
11.22
11.21
11.21
11.21
11.21
11.21
11.21
11.21
11.22
11.21
11.20
11.20
11.20
11.20
11.20
11.20
11.19
11.20
11.20
11.20
11.20
11.20
11.20
11.21
11.21
11.20
11.21
11.21
11.21
11.21
11.21
11.20
11.20
11.19
11.20
11.20
11.20
11.21
11.22
11.22
11.23
11.24
11.24
11.25
11.25
11.26
11.26
11.26
11.26
11.27
11.29
11.30
11.31
11.32
11.33
11.34
11.35
11.36
11.37
11.37
11.38
11.38
11.38
11.39
11.39
11.39
11.39
11.39
11.39
11.39
11.39
11.39
11.40
11.40
11.40
11.39
11.38
11.38
11.38
11.37
11.38
11.38
11.38
11.39
11.39
11.38
11.38
11.38
11.38
11.38
11.38
11.39
11.39
11.39
11.39
11.39
11.39
11.39
11.40
11.40
11.40
11.41
11.41
11.41
11.41
11.40
11.39
11.39
11.38
11.38
11.38
11.38
11.38
11.38
11.37
11.36
11.35
11.35
11.35
11.35
11.35
11.35
11.35
11.34
11.34
11.34
11.34
11.34
11.34
11.35
11.35
11.35
11.36
11.36
11.36
11.36
11.36
11.36
11.37
11.37
11.37
11.37
11.37
11.37
11.37
11.37
11.37
11.37
11.37
11.37
11.37
11.37
11.37
11.37
11.36
11.36
11.36
11.35
11.35
11.35
11.35
11.35
11.35
11.35
11.36
11.36
11.36
11.36
11.35
11.35
11.35
11.35
11.35
11.35
11.35
11.34
11.34
11.34
11.34
11.34
11.33
11.33
11.33
11.33
11.33
11.33
11.33
11.33
11.32
11.32
11.32
11.31
11.31
11.32
11.31
11.31
11.31
11.30
11.30
11.30
11.31
11.30
11.30
11.30
11.29
11.29
11.29
11.28
11.28
11.27
11.27
11.26
11.26
11.26
11.26
11.27
11.28
11.28
11.28
11.29
11.29
11.29
11.31
11.31
11.31
11.31
11.32
11.32
11.32
11.33
11.34
11.34
11.36
11.36
11.37
11.38
11.39
11.41
11.41
11.41
11.41
11.42
11.42
11.43
11.44
11.44
11.44
11.43
11.44
11.44
11.44
11.44
11.44
11.43
11.44
11.44
11.44
11.43
11.43
11.43
11.41
11.40
11.38
11.38
11.38
11.38
11.38
11.38
11.37
11.36
11.37
11.37
11.37
11.36
11.36
11.36
11.36
11.36
11.36
11.35
11.35
11.36
11.36
11.36
11.36
11.37
11.37
11.38
11.38
11.38
11.38
11.38
11.38
11.38
11.38
11.37
11.37
11.38
11.38
11.38
11.38
11.38
11.39
11.40
11.40
11.40
11.40
11.42
11.44
11.45
11.47
11.50
11.53
11.57
11.62
11.66
11.71
11.77
11.83
11.89
11.96
12.03
12.09
12.16
12.24
12.32
12.40
12.47
12.55
12.64
12.72
12.80
12.88
12.94
13.02
13.10
13.17
13.23
13.28
13.33
13.38
13.42
13.46
13.49
13.54
13.57
13.60
13.63
13.66
13.68
13.70
13.72
13.73
13.75
13.77
13.78
13.80
13.81
13.84
13.84
13.86
13.88
13.90
13.91
13.93
13.96
13.98
14.02
14.04
14.07
14.09
14.12
14.15
14.18
14.21
14.25
14.28
14.31
14.34
14.37
14.40
14.44
14.47
14.50
14.53
14.56
14.58
14.61
14.63
14.65
14.67
14.68
14.68
14.69
14.69
14.69
14.69
14.69
14.68
14.67
14.66
14.65
14.64
14.62
14.62
14.60
14.58
14.56
14.55
14.53
14.51
14.50
14.48
14.46
14.44
14.42
14.40
14.38
14.38
14.37
14.36
14.35
14.34
14.34
14.34
14.35
14.34
14.34
14.34
14.34
14.34
14.35
14.35
14.35
14.35
14.36
14.36
14.37
14.38
14.39
14.40
14.42
14.43
14.44
14.44
14.45
14.46
14.47
14.48
14.48
14.47
14.48
14.49
14.50
14.50
14.51
14.51
14.52
14.53
14.54
14.54
14.55
14.55
14.55
14.55
14.55
14.55
14.55
14.55
14.55
14.55
14.55
14.55
14.55
14.56
14.56
14.56
14.56
14.56
14.55
14.54
14.54
14.54
14.54
14.53
14.52
14.51
14.50
14.50
14.49
14.49
14.48
14.47
14.46
14.45
14.44
14.44
14.44
14.44
14.44
14.44
14.44
14.44
14.44
14.45
14.47
14.47
14.47
14.47
14.49
14.50
14.51
14.53
14.54
14.56
14.57
14.59
14.61
14.62
14.64
14.67
14.68
14.69
14.71
14.72
14.73
14.74
14.74
14.74
14.75
14.75
14.76
14.76
14.77
14.76
14.76
14.75
14.74
14.74
14.74
14.73
14.72
14.70
14.69
14.68
14.66
14.63
14.62
14.60
14.58
14.56
14.55
14.53
14.52
14.50
14.49
14.47
14.46
14.44
14.44
14.43
14.42
14.42
14.42
14.42
14.42
14.42
14.44
14.44
14.44
14.45
14.46
14.48
14.50
14.50
14.52
14.54
14.56
14.57
14.59
14.61
14.62
14.64
14.66
14.68
14.69
14.71
14.72
14.73
14.74
14.74
14.76
14.76
14.77
14.78
14.80
14.81
14.82
14.82
14.84
14.85
14.86
14.86
14.87
14.89
14.90
14.92
14.92
14.93
14.95
14.96
14.98
14.98
15.00
15.02
15.04
15.05
15.08
15.10
15.12
15.14
15.16
15.16
15.19
15.21
15.22
15.24
15.26
15.27
15.28
15.28
15.29
15.30
15.32
15.32
15.33
15.34
15.34
15.34
15.34
15.34
15.34
15.33
15.32
15.30
15.28
15.28
15.27
15.26
15.25
15.23
15.22
15.22
15.21
15.20
15.19
15.18
15.18
15.17
15.16
15.16
15.16
15.16
15.16
15.16
15.16
15.16
15.15
15.15
15.16
15.16
15.15
15.16
15.15
15.15
15.15
15.14
15.14
15.14
15.14
15.14
15.13
15.12
15.12
15.13
15.13
15.13
15.12
15.12
15.11
15.11
15.10
15.10
15.10
15.09
15.09
15.08
15.07
15.06
15.04
15.04
15.03
15.01
15.00
14.98
14.98
14.97
14.96
14.94
14.92
14.92
14.90
14.90
14.88
14.88
14.87
14.87
14.88
14.89
14.89
14.89
14.91
14.91
14.92
14.92
14.94
14.96
14.97
14.98
14.98
14.99
15.00
15.01
15.02
15.03
15.03
15.04
15.04
15.04
15.04
15.04
15.04
15.02
15.01
15.01
15.01
15.00
15.00
15.00
15.00
14.99
14.99
15.00
15.00
15.01
15.02
15.04
15.04
15.06
15.07
15.08
15.10
15.11
15.13
15.14
15.16
15.18
15.21
15.22
15.23
15.24
15.25
15.27
15.28
15.29
15.30
15.30
15.31
15.32
15.33
15.33
15.32
15.33
15.33
15.33
15.33
15.32
15.31
15.31
15.32
15.32
15.31
15.30
15.30
15.30
15.30
15.30
15.29
15.30
15.29
15.29
15.29
15.28
15.28
15.28
15.28
15.28
15.27
15.25
15.25
15.24
15.24
15.24
15.23
15.22
15.21
15.21
15.21
15.20
15.20
15.20
15.20
15.20
15.20
15.21
15.22
15.23
15.24
15.26
15.28
15.29
15.31
15.32
15.34
15.35
15.37
15.39
15.40
15.42
15.45
15.47
15.50
15.52
15.54
15.57
15.59
15.62
15.64
15.66
15.68
15.70
15.70
15.73
15.75
15.76
15.76
15.77
15.79
15.81
15.82
15.83
15.84
15.84
15.84
15.84
15.83
15.82
15.82
15.80
15.78
15.77
15.76
15.75
15.74
15.73
15.72
15.71
15.70
15.68
15.67
15.66
15.65
15.64
15.64
15.63
15.63
15.62
15.63
15.64
15.64
15.64
15.64
15.65
15.66
15.68
15.68
15.69
15.70
15.70
15.70
15.70
15.70
15.70
15.70
15.70
15.70
15.70
15.70
15.70
15.70
15.70
15.70
15.69
15.68
15.67
15.65
15.65
15.65
15.65
15.64
15.64
15.64
15.63
15.61
15.61
15.61
15.61
15.60
15.60
15.60
15.59
15.59
15.59
15.59
15.58
15.58
15.58
15.58
15.58
15.58
15.58
15.57
15.56
15.56
15.55
15.53
15.52
15.52
15.52
15.50
15.49
15.47
15.47
15.46
15.46
15.45
15.44
15.42
15.41
15.40
15.40
15.40
15.39
15.38
15.37
15.36
15.35
15.34
15.33
15.33
15.33
15.32
15.33
15.32
15.32
15.31
15.31
15.30
15.29
15.28
15.28
15.27
15.27
15.25
15.24
15.22
15.21
15.19
15.17
15.16
15.15
15.14
15.13
15.11
15.10
15.09
15.07
15.05
15.04
15.04
15.02
15.00
14.99
14.98
14.96
14.94
14.93
14.92
14.91
14.91
14.90
14.89
14.89
14.88
14.88
14.88
14.88
14.88
14.88
14.88
14.87
14.88
14.87
14.87
14.86
14.87
14.88
14.88
14.89
14.90
14.91
14.92
14.92
14.93
14.93
14.94
14.96
14.96
14.97
14.98
14.98
14.98
14.98
14.98
14.98
14.99
14.99
15.00
15.00
15.01
15.01
15.01
15.01
15.01
15.01
15.01
15.01
15.01
15.01
15.01
15.01
15.00
15.01
15.01
15.02
15.02
15.02
15.02
15.02
15.02
15.03
15.03
15.04
15.04
15.04
15.04
15.05
15.06
15.06
15.07
15.08
15.08
15.09
15.10
15.10
15.11
15.12
15.12
15.13
15.13
15.13
15.14
15.15
15.16
15.16
15.16
15.17
15.17
15.18
15.18
15.19
15.19
15.19
15.20
15.20
15.20
15.21
15.21
15.21
15.21
15.21
15.21
15.21
15.21
15.21
15.22
15.22
15.22
15.22
15.22
15.22
15.22
15.22
15.22
15.22
15.22
15.22
15.22
15.22
15.22
15.22
15.23
15.24
15.24
15.25
15.26
15.26
15.26
15.26
15.27
15.28
15.28
15.28
15.28
15.29
15.30
15.30
15.30
15.30
15.30
15.30
15.31
15.31
15.31
15.32
15.33
15.32
15.32
15.33
15.32
15.32
15.32
15.32
15.32
15.32
15.31
15.30
15.30
15.30
15.30
15.29
15.28
15.28
15.28
15.28
15.28
15.28
15.28
15.28
15.27
15.26
15.26
15.25
15.24
15.24
15.22
15.22
15.22
15.22
15.20
15.19
15.19
15.19
15.18
15.16
15.16
15.15
15.14
15.13
15.12
15.10
15.09
15.08
15.06
15.05
15.04
15.02
15.01
15.00
14.99
14.99
14.99
14.99
14.99
14.99
15.00
15.00
15.00
15.01
15.02
15.04
15.05
15.07
15.09
15.10
15.13
15.15
15.16
15.18
15.19
15.21
15.22
15.23
15.24
15.25
15.26
15.25
15.26
15.26
15.27
15.27
15.27
15.27
15.27
15.27
15.27
15.26
15.25
15.25
15.24
15.23
15.23
15.22
15.22
15.22
15.22
15.23
15.23
15.23
15.23
15.23
15.24
15.24
15.24
15.23
15.23
15.23
15.22
15.22
15.22
15.22
15.21
15.20
15.19
15.19
15.19
15.18
15.18
15.18
15.17
15.17
15.16
15.16
15.16
15.16
15.16
15.16
15.16
15.16
15.16
15.16
15.16
15.17
15.17
15.18
15.18
15.20
15.21
15.21
15.22
15.22
15.23
15.24
15.24
15.25
15.25
15.25
15.25
15.27
15.27
15.27
15.27
15.27
15.27
15.27
15.27
15.27
15.27
15.27
15.26
15.26
15.25
15.25
15.26
15.26
15.26
15.27
15.27
15.28
15.28
15.29
15.31
15.33
15.34
15.35
15.37
15.39
15.40
15.42
15.44
15.46
15.47
15.49
15.51
15.52
15.54
15.56
15.58
15.58
15.58
15.59
15.60
15.60
15.60
15.60
15.60
15.59
15.58
15.58
15.57
15.56
15.55
15.54
15.54
15.53
15.52
15.52
15.51
15.51
15.51
15.51
15.51
15.51
15.52
15.53
15.54
15.54
15.55
15.57
15.58
15.58
15.59
15.60
15.61
15.61
15.62
15.63
15.64
15.64
15.64
15.64
15.65
15.65
15.64
15.64
15.63
15.62
15.61
15.59
15.58
15.56
15.55
15.55
15.53
15.52
15.52
15.51
15.50
15.49
15.49
15.48
15.47
15.46
15.46
15.46
15.45
15.44
15.44
15.44
15.44
15.44
15.44
15.44
15.44
15.44
15.44
15.44
15.43
15.43
15.43
15.43
15.42
15.42
15.42
15.42
15.41
15.41
15.40
15.40
15.40
15.40
15.40
15.40
15.39
15.39
15.39
15.39
15.39
15.39
15.39
15.39
15.39
15.39
15.39
15.39
15.39
15.40
15.40
15.41
15.42
15.44
15.45
15.46
15.47
15.47
15.47
15.49
15.50
15.52
15.52
15.53
15.54
15.55
15.56
15.57
15.58
15.59
15.60
15.61
15.62
15.63
15.64
15.65
15.66
15.66
15.66
15.66
15.66
15.66
15.67
15.68
15.68
15.68
15.68
15.69
15.69
15.69
15.69
15.70
15.70
15.70
15.70
15.72
15.74
15.75
15.76
15.76
15.77
15.78
15.80
15.82
15.84
15.86
15.88
15.91
15.94
15.96
15.99
16.01
16.03
16.06
16.08
16.10
16.12
16.13
16.16
16.18
16.18
16.18
16.18
16.19
16.20
16.20
16.20
16.20
16.19
16.19
16.18
16.17
16.15
16.13
16.12
16.09
16.06
16.04
16.01
15.99
15.97
15.94
15.90
15.87
15.83
15.81
15.77
15.75
15.70
15.68
15.64
15.62
15.59
15.56
15.52
15.51
15.49
15.46
15.44
15.41
15.40
15.39
15.37
15.36
15.35
15.34
15.33
15.33
15.33
15.33
15.33
15.34
15.34
15.36
15.37
15.39
15.40
15.40
15.42
15.44
15.45
15.46
15.48
15.51
15.53
15.55
15.58
15.60
15.62
15.64
15.66
15.69
15.70
15.72
15.74
15.76
15.77
15.78
15.79
15.80
15.81
15.82
15.82
15.83
15.84
15.84
15.83
15.84
15.84
15.83
15.83
15.83
15.83
15.82
15.82
15.81
15.80
15.79
15.77
15.76
15.76
15.75
15.74
15.73
15.72
15.71
15.70
15.69
15.67
15.66
15.66
15.66
15.65
15.64
15.64
15.64
15.63
15.62
15.62
15.63
15.64
15.64
15.65
15.67
15.68
15.68
15.68
15.69
15.70
15.70
15.70
15.72
15.73
15.76
15.77
15.79
15.81
15.82
15.84
15.86
15.88
15.90
15.92
15.94
15.95
15.96
15.98
15.99
16.00
16.01
16.03
16.05
16.06
16.06
16.06
16.08
16.09
16.10
16.10
16.10
16.09
16.09
16.08
16.08
16.08
16.07
16.06
16.05
16.05
16.03
16.02
16.00
16.00
15.99
15.97
15.95
15.94
15.94
15.93
15.92
15.91
15.90
15.88
15.87
15.85
15.85
15.83
15.83
15.82
15.82
15.82
15.81
15.80
15.78
15.77
15.76
15.76
15.76
15.75
15.74
15.74
15.74
15.74
15.75
15.75
15.74
15.73
15.73
15.73
15.74
15.74
15.74
15.73
15.73
15.73
15.73
15.74
15.75
15.76
15.76
15.77
15.78
15.79
15.80
15.82
15.82
15.82
15.83
15.83
15.84
15.85
15.87
15.88
15.90
15.91
15.91
15.93
15.94
15.94
15.94
15.94
15.94
15.94
15.94
15.94
15.94
15.94
15.94
15.94
15.92
15.92
15.92
15.91
15.91
15.89
15.89
15.88
15.88
15.87
15.86
15.86
15.85
15.85
15.85
15.84
15.84
15.84
15.85
15.86
15.86
15.87
15.87
15.88
15.88
15.89
15.90
15.91
15.92
15.93
15.94
15.95
15.96
15.97
15.99
16.00
16.00
16.01
16.03
16.04
16.06
16.07
16.09
16.10
16.11
16.12
16.13
16.15
16.16
16.17
16.17
16.18
16.18
16.18
16.18
16.18
16.18
16.18
16.18
16.18
16.18
16.18
16.18
16.17
16.17
16.15
16.14
16.12
16.11
16.10
16.09
16.08
16.06
16.05
16.04
16.03
16.02
16.02
16.01
16.00
15.99
15.98
15.97
15.96
15.95
15.94
15.94
15.93
15.92
15.91
15.91
15.90
15.90
15.89
15.88
15.87
15.86
15.86
15.85
15.84
15.83
15.82
15.82
15.81
15.80
15.79
15.78
15.76
15.75
15.74
15.73
15.72
15.72
15.72
15.71
15.70
15.70
15.69
15.69
15.70
15.70
15.69
15.69
15.70
15.70
15.71
15.71
15.71
15.72
15.74
15.75
15.76
15.78
15.81
15.82
15.83
15.84
15.85
15.86
15.88
15.88
15.89
15.90
15.91
15.92
15.93
15.94
15.94
15.94
15.94
15.95
15.95
15.95
15.95
15.94
15.94
15.94
15.94
15.93
15.92
15.92
15.92
15.91
15.90
15.89
15.89
15.89
15.89
15.89
15.88
15.88
15.88
15.88
15.88
15.88
15.88
15.88
15.88
15.88
15.88
15.88
15.88
15.88
15.88
15.87
15.86
15.85
15.85
15.84
15.84
15.84
15.84
15.84
15.84
15.83
15.82
15.81
15.79
15.77
15.76
15.75
15.74
15.73
15.72
15.71
15.70
15.70
15.69
15.68
15.68
15.68
15.68
15.67
15.67
15.66
15.65
15.64
15.64
15.63
15.63
15.64
15.64
15.64
15.66
15.67
15.67
15.67
15.67
15.67
15.66
15.65
15.64
15.64
15.64
15.63
15.63
15.63
15.63
15.62
15.62
15.62
15.61
15.60
15.60
15.60
15.58
15.58
15.56
15.54
15.53
15.52
15.52
15.52
15.51
15.51
15.51
15.51
15.50
15.50
15.50
15.48
15.47
15.46
15.46
15.46
15.45
15.45
15.44
15.43
15.42
15.42
15.42
15.42
15.42
15.42
15.42
15.42
15.41
15.42
15.42
15.42
15.42
15.42
15.42
15.42
15.43
15.43
15.43
15.43
15.43
15.43
15.43
15.44
15.44
15.44
15.44
15.44
15.44
15.44
15.44
15.44
15.44
15.44
15.43
15.43
15.43
15.43
15.43
15.43
15.43
15.43
15.44
15.44
15.45
15.46
15.46
15.46
15.46
15.47
15.48
15.49
15.50
15.52
15.53
15.55
15.57
15.58
15.59
15.61
15.63
15.64
15.66
15.67
15.68
15.69
15.70
15.70
15.72
15.73
15.74
15.74
15.75
15.76
15.77
15.78
15.79
15.80
15.80
15.79
15.78
15.77
15.77
15.77
15.77
15.76
15.76
15.75
15.75
15.75
15.75
15.75
15.75
15.74
15.74
15.73
15.73
15.73
15.72
15.71
15.70
15.70
15.69
15.68
15.68
15.68
15.68
15.67
15.67
15.66
15.66
15.66
15.66
15.66
15.66
15.66
15.66
15.64
15.64
15.64
15.64
15.64
15.63
15.63
15.62
15.62
15.62
15.62
15.61
15.60
15.60
15.60
15.59
15.59
15.59
15.59
15.60
15.60
15.60
15.61
15.62
15.63
15.64
15.65
15.67
15.68
15.69
15.71
15.72
15.74
15.76
15.76
15.77
15.79
15.81
15.82
15.82
15.84
15.85
15.86
15.87
15.86
15.86
15.87
15.87
15.87
15.86
15.85
15.84
15.83
15.82
15.82
15.81
15.80
15.79
15.77
15.76
15.76
15.75
15.74
15.73
15.72
15.71
15.70
15.70
15.69
15.68
15.68
15.67
15.65
15.64
15.64
15.64
15.64
15.63
15.63
15.63
15.62
15.62
15.62
15.62
15.62
15.62
15.62
15.62
15.62
15.62
15.62
15.62
15.62
15.61
15.61
15.60
15.60
15.61
15.61
15.61
15.63
15.64
15.64
15.64
15.65
15.66
15.67
15.67
15.68
15.69
15.70
15.71
15.72
15.74
15.76
15.76
15.78
15.79
15.81
15.82
15.84
15.85
15.86
15.87
15.88
15.88
15.88
15.88
15.88
15.88
15.88
15.88
15.89
15.89
15.89
15.88
15.88
15.88
15.88
15.87
15.87
15.85
15.85
15.85
15.85
15.85
15.84
15.84
15.84
15.84
15.84
15.84
15.84
15.83
15.82
15.82
15.82
15.82
15.82
15.81
15.81
15.80
15.79
15.79
15.79
15.79
15.79
15.79
15.79
15.79
15.79
15.80
15.80
15.79
15.78
15.78
15.78
15.78
15.79
15.80
15.80
15.81
15.81
15.81
15.82
15.81
15.81
15.81
15.80
15.79
15.78
15.78
15.77
15.76
15.76
15.76
15.75
15.74
15.74
15.74
15.73
15.72
15.71
15.70
15.70
15.68
15.67
15.66
15.65
15.64
15.64
15.64
15.64
15.64
15.64
15.64
15.64
15.64
15.64
15.64
15.64
15.65
15.66
15.67
15.67
15.67
15.68
15.68
15.69
15.69
15.70
15.70
15.71
15.72
15.72
15.72
15.71
15.70
15.68
15.65
15.63
15.59
15.55
15.51
15.46
15.38
15.29
15.21
15.12
15.03
14.93
14.83
14.73
14.62
14.50
14.38
14.26
14.12
13.97
13.84
13.71
13.58
13.45
13.32
13.20
13.08
12.97
12.86
12.75
12.64
12.55
12.46
12.38
12.29
12.22
12.16
12.09
12.03
11.97
11.92
11.87
11.83
11.80
11.76
11.73
11.70
11.67
11.65
11.62
11.61
11.58
11.56
11.54
11.53
11.52
11.51
11.50
11.50
11.50
11.49
11.48
11.47
11.46
11.45
11.44
11.44
11.43
11.42
11.42
11.41
11.40
11.40
11.40
11.40
11.39
11.39
11.39
11.39
11.38
11.38
11.38
11.38
11.37
11.37
11.37
11.37
11.37
11.37
11.36
11.36
11.36
11.36
11.35
11.34
11.34
11.33
11.33
11.32
11.32
11.32
11.31
11.31
11.30
11.30
11.29
11.29
11.29
11.29
11.29
11.29
11.28
11.28
11.27
11.27
11.26
11.26
11.25
11.26
11.26
11.26
11.26
11.26
11.25
11.24
11.24
11.24
11.24
11.24
11.24
11.25
11.25
11.24
11.24
11.24
11.23
11.23
11.22
11.22
11.23
11.23
11.23
11.24
11.24
11.23
11.23
11.23
11.22
11.23
11.23
11.23
11.24
11.24
11.24
11.23
11.23
11.23
11.23
11.22
11.21
11.22
11.23
11.24
11.24
11.24
11.24
11.25
11.25
11.24
11.25
11.26
11.26
11.26
11.26
11.26
11.27
11.27
11.27
11.27
11.28
11.28
11.28
11.30
11.31
11.32
11.32
11.32
11.32
11.32
11.32
11.33
11.33
11.33
11.34
11.34
11.34
11.34
11.34
11.35
11.35
11.34
11.34
11.34
11.34
11.34
11.34
11.34
11.33
11.33
11.33
11.33
11.32
11.32
11.32
11.32
11.32
11.32
11.32
11.32
11.31
11.31
11.30
11.31
11.31
11.31
11.32
11.32
11.32
11.32
11.32
11.32
11.32
11.32
11.32
11.32
11.32
11.34
11.34
11.34
11.34
11.34
11.35
11.34
11.34
11.35
11.34
11.35
11.35
11.35
11.36
11.36
11.36
11.36
11.36
11.36
11.36
11.35
11.35
11.35
11.34
11.33
11.32
11.32
11.31
11.31
11.31
11.30
11.31
11.30
11.30
11.31
11.30
11.30
11.30
11.28
11.28
11.28
11.27
11.27
11.27
11.27
11.28
11.28
11.28
11.29
11.30
11.30
11.30
11.31
11.31
11.31
11.32
11.32
11.32
11.32
11.32
11.32
11.32
11.32
11.32
11.32
11.32
11.33
11.33
11.33
11.33
11.33
11.33
11.32
11.32
11.32
11.32
11.32
11.32
11.32
11.31
11.30
11.29
11.28
11.28
11.29
11.30
11.30
11.30
11.29
11.29
11.28
11.27
11.27
11.27
11.27
11.27
11.27
11.28
11.28
11.28
11.29
11.30
11.30
11.29
11.30
11.31
11.32
11.32
11.32
11.32
11.32
11.32
11.32
11.32
11.32
11.32
11.32
11.32
11.32
11.32
11.31
11.31
11.31
11.30
11.30
11.30
11.29
11.29
11.30
11.29
11.30
11.30
11.30
11.30
11.31
11.31
11.31
11.32
11.32
11.33
11.34
11.35
11.35
11.35
11.35
11.36
11.36
11.36
11.37
11.37
11.37
11.38
11.38
11.38
11.38
11.38
11.38
11.38
11.37
11.36
11.36
11.35
11.35
11.34
11.34
11.33
11.33
11.32
11.32
11.32
11.31
11.30
11.30
11.30
11.30
11.30
11.30
11.30
11.30
11.30
11.30
11.30
11.30
11.32
11.32
11.32
11.33
11.34
11.34
11.34
11.36
11.37
11.38
11.40
11.41
11.43
11.44
11.44
11.44
11.44
11.44
11.44
11.44
11.44
11.44
11.44
11.44
11.44
11.44
11.42
11.42
11.42
11.41
11.40
11.40
11.38
11.38
11.36
11.35
11.34
11.33
11.33
11.33
11.32
11.32
11.32
11.32
11.32
11.32
11.32
11.32
11.32
11.32
11.32
11.33
11.33
11.33
11.33
11.34
11.34
11.35
11.35
11.36
11.36
11.36
11.36
11.36
11.36
11.36
11.36
11.36
11.36
11.36
11.36
11.36
11.36
11.36
11.36
11.36
11.36
11.35
11.35
11.34
11.34
11.34
11.34
11.34
11.33
11.33
11.33
11.33
11.32
11.32
11.32
11.32
11.32
11.32
11.32
11.32
11.31
11.31
11.31
11.31
11.30
11.30
11.31
11.31
11.32
11.32
11.32
11.32
11.32
11.32
11.32
11.32
11.32
11.32
11.32
11.32
11.32
11.32
11.32
11.32
11.31
11.31
11.31
11.31
11.31
11.32
11.32
11.31
11.31
11.31
11.31
11.30
11.30
11.30
11.29
11.29
11.28
11.28
11.27
11.28
11.28
11.28
11.28
11.28
11.28
11.29
11.29
11.28
11.27
11.27
11.26
11.26
11.27
11.26
11.26
11.26
11.26
11.26
11.26
11.26
11.26
11.27
11.27
11.28
11.27
11.27
11.27
11.27
11.28
11.28
11.28
11.29
11.30
11.31
11.31
11.32
11.32
11.32
11.32
11.32
11.32
11.32
11.33
11.33
11.34
11.34
11.34
11.34
11.34
11.35
11.35
11.35
11.35
11.35
11.35
11.34
11.34
11.33
11.32
11.32
11.32
11.31
11.30
11.29
11.29
11.29
11.28
11.27
11.27
11.26
11.26
11.26
11.26
11.26
11.26
11.26
11.26
11.26
11.26
11.26
11.26
11.27
11.28
11.29
11.29
11.30
11.31
11.32
11.32
11.33
11.33
11.34
11.35
11.35
11.36
11.36
11.36
11.37
11.37
11.37
11.37
11.37
11.37
11.37
11.37
11.37
11.36
11.37
11.37
11.37
11.37
11.37
11.37
11.37
11.36
11.36
11.36
11.35
11.35
11.35
11.35
11.35
11.35
11.35
11.36
11.37
11.37
11.37
11.37
11.38
11.38
11.38
11.38
11.39
11.40
11.41
11.42
11.43
11.44
11.44
11.44
11.44
11.45
11.46
11.46
11.46
11.46
11.46
11.45
11.44
11.44
11.44
11.44
11.44
11.42
11.41
11.40
11.38
11.37
11.35
11.33
11.32
11.30
11.28
11.28
11.27
11.26
11.26
11.24
11.23
11.23
11.22
11.21
11.21
11.20
11.20
11.20
11.20
11.20
11.20
11.20
11.20
11.20
11.20
11.21
11.22
11.22
11.23
11.24
11.24
11.24
11.25
11.25
11.25
11.26
11.26
11.26
11.26
11.27
11.28
11.28
11.28
11.28
11.29
11.29
11.29
11.29
11.30
11.30
11.29
11.28
11.29
11.28
11.28
11.28
11.28
11.28
11.29
11.30
11.29
11.29
11.29
11.30
11.30
11.30
11.30
11.30
11.30
11.30
11.31
11.32
11.32
11.32
11.32
11.32
11.32
11.32
11.33
11.32
11.32
11.32
11.32
11.32
11.32
11.33
11.33
11.33
11.33
11.33
11.33
11.32
11.32
11.32
11.32
11.32
11.32
11.32
11.32
11.32
11.32
11.32
11.32
11.31
11.31
11.30
11.30
11.30
11.30
11.29
11.29
11.28
11.28
11.28
11.27
11.26
11.27
11.27
11.27
11.27
11.27
11.27
11.27
11.27
11.27
11.27
11.27
11.27
11.28
11.29
11.30
11.30
11.30
11.29
11.30
11.30
11.31
11.31
11.31
11.31
11.32
11.32
11.32
11.31
11.30
11.30
11.30
11.30
11.30
11.29
11.29
11.29
11.29
11.29
11.29
11.29
11.30
11.30
11.31
11.31
11.31
11.31
11.31
11.31
11.32
11.32
11.32
11.32
11.32
11.33
11.33
11.33
11.32
11.32
11.33
11.34
11.35
11.35
11.35
11.35
11.35
11.35
11.35
11.34
11.34
11.33
11.33
11.33
11.33
11.32
11.32
11.32
11.32
11.32
11.31
11.31
11.30
11.30
11.30
11.29
11.29
11.29
11.28
11.28
11.28
11.27
11.27
11.26
11.27
11.27
11.27
11.27
11.27
11.27
11.28
11.27
11.28
11.27
11.27
11.28
11.27
11.28
11.29
11.29
11.30
11.29
11.29
11.30
11.29
11.28
11.29
11.29
11.30
11.29
11.28
11.29
11.29
11.29
11.29
11.29
11.30
11.31
11.32
11.32
11.32
11.33
11.34
11.34
11.34
11.34
11.36
11.36
11.36
11.38
11.38
11.38
11.38
11.38
11.39
11.41
11.41
11.41
11.40
11.40
11.40
11.40
11.39
11.39
11.38
11.38
11.37
11.36
11.35
11.35
11.34
11.32
11.32
11.32
11.31
11.30
11.29
11.28
11.28
11.28
11.27
11.26
11.26
11.27
11.26
11.26
11.26
11.25
11.25
11.26
11.26
11.26
11.26
11.27
11.26
11.26
11.27
11.26
11.27
11.27
11.28
11.28
11.29
11.28
11.28
11.27
11.28
11.28
11.28
11.29
11.28
11.29
11.29
11.29
11.29
11.28
11.27
11.26
11.26
11.26
11.26
11.26
11.26
11.26
11.26
11.26
11.26
11.26
11.26
11.26
11.26
11.26
11.26
11.26
11.26
11.26
11.26
11.27
11.27
11.27
11.28
11.29
11.30
11.31
11.32
11.32
11.32
11.32
11.32
11.32
11.32
11.32
11.32
11.32
11.32
11.32
11.32
11.32
11.31
11.31
11.30
11.29
11.29
11.28
11.28
11.28
11.28
11.28
11.27
11.27
11.27
11.26
11.27
11.27
11.27
11.28
11.28
11.27
11.28
11.28
11.29
11.29
11.30
11.31
11.31
11.32
11.32
11.32
11.32
11.32
11.32
11.32
11.32
11.33
11.32
11.32
11.32
11.32
11.32
11.31
11.30
11.30
11.31
11.31
11.31
11.31
11.30
11.29
11.29
11.29
11.29
11.30
11.30
11.29
11.28
11.27
11.27
11.26
11.26
11.26
11.26
11.26
11.25
11.26
11.26
11.26
11.25
11.24
11.23
11.22
11.21
11.22
11.23
11.23
11.22
11.21
11.20
11.20
11.20
11.21
11.22
11.22
11.22
11.22
11.23
11.22
11.23
11.24
11.24
11.25
11.26
11.26
11.27
11.28
11.29
11.31
11.31
11.31
11.31
11.32
11.32
11.33
11.33
11.34
11.34
11.34
11.34
11.35
11.36
11.36
11.37
11.37
11.37
11.37
11.37
11.37
11.37
11.37
11.37
11.36
11.35
11.34
11.33
11.33
11.33
11.32
11.32
11.32
11.32
11.31
11.31
11.30
11.30
11.30
11.29
11.28
11.27
11.27
11.26
11.26
11.26
11.25
11.25
11.25
11.26
11.26
11.26
11.27
11.27
11.27
11.28
11.29
11.29
11.29
11.30
11.30
11.31
11.31
11.31
11.32
11.32
11.32
11.32
11.33
11.34
11.34
11.35
11.35
11.35
11.35
11.35
11.35
11.35
11.35
11.34
11.34
11.34
11.34
11.33
11.33
11.32
11.32
11.32
11.32
11.31
11.31
11.32
11.32
11.32
11.32
11.31
11.30
11.30
11.29
11.28
11.28
11.28
11.28
11.28
11.29
11.29
11.29
11.29
11.30
11.29
11.30
11.30
11.30
11.31
11.32
11.32
11.32
11.32
11.32
11.32
11.32
11.33
11.33
11.34
11.35
11.34
11.34
11.34
11.34
11.35
11.35
11.35
11.35
11.35
11.36
11.36
11.36
11.35
11.35
11.35
11.35
11.34
11.33
11.33
11.33
11.33
11.32
11.32
11.32
11.32
11.32
11.32
11.32
11.32
11.30
11.30
11.30
11.30
11.30
11.30
11.30
11.30
11.30
11.29
11.29
11.28
11.29
11.30
11.30
11.30
11.30
11.31
11.31
11.31
11.31
11.32
11.31
11.31
11.32
11.32
11.33
11.33
11.33
11.33
11.33
11.33
11.33
11.34
11.35
11.35
11.35
11.34
11.34
11.33
11.33
11.33
11.32
11.32
11.32
11.32
11.32
11.33
11.33
11.33
11.33
11.32
11.32
11.32
11.32
11.32
11.32
11.32
11.32
11.31
11.30
11.31
11.32
11.31
11.31
11.30
11.29
11.30
11.29
11.29
11.28
11.28
11.28
11.27
11.27
11.27
11.26
11.26
11.26
11.26
11.26
11.26
11.26
11.27
11.28
11.29
11.29
11.29
11.30
11.31
11.32
11.32
11.32
11.33
11.33
11.34
11.34
11.34
11.35
11.35
11.35
11.36
11.36
11.36
11.35
11.34
11.34
11.34
11.33
11.33
11.33
11.32
11.32
11.32
11.32
11.31
11.31
11.31
11.31
11.31
11.31
11.31
11.31
11.31
11.31
11.31
11.31
11.31
11.31
11.32
11.32
11.32
11.32
11.33
11.32
11.32
11.33
11.33
11.32
11.32
11.33
11.33
11.33
11.32
11.32
11.32
11.32
11.32
11.32
11.31
11.31
11.30
11.30
11.29
11.28
11.28
11.27
11.26
11.26
11.27
11.27
11.27
11.27
11.28
11.28
11.28
11.28
11.28
11.29
11.29
11.29
11.30
11.30
11.29
11.30
11.30
11.30
11.29
11.29
11.30
11.29
11.29
11.29
11.29
11.28
11.28
11.28
11.29
11.29
11.28
11.28
11.28
11.27
11.27
11.27
11.27
11.27
11.27
11.28
11.28
11.28
11.29
11.30
11.31
11.31
11.32
11.32
11.33
11.33
11.34
11.34
11.34
11.34
11.34
11.35
11.36
11.36
11.38
11.38
11.38
11.39
11.39
11.40
11.40
11.40
11.40
11.40
11.40
11.40
11.41
11.41
11.41
11.41
11.42
11.42
11.42
11.42
11.42
11.42
11.42
11.40
11.40
11.38
11.38
11.38
11.36
11.35
11.34
11.34
11.33
11.33
11.32
11.32
11.31
11.29
11.29
11.29
11.28
11.26
11.26
11.26
11.26
11.26
11.25
11.24
11.25
11.24
11.24
11.24
11.24
11.24
11.24
11.23
11.23
11.23
11.23
11.24
11.24
11.25
11.26
11.26
11.26
11.26
11.27
11.27
11.27
11.26
11.26
11.26
11.26
11.26
11.27
11.28
11.28
11.28
11.29
11.29
11.29
11.29
11.29
11.29
11.29
11.29
11.29
11.29
11.29
11.29
11.29
11.29
11.29
11.28
11.29
11.29
11.29
11.29
11.29
11.29
11.28
11.27
11.27
11.27
11.28
11.29
11.29
11.29
11.29
11.28
11.29
11.29
11.28
11.28
11.28
11.28
11.28
11.29
11.30
11.30
11.31
11.31
11.32
11.32
11.32
11.32
11.32
11.32
11.32
11.32
11.32
11.32
11.32
11.32
11.32
11.32
11.32
11.32
11.32
11.32
11.32
11.33
11.33
11.32
11.32
11.32
11.32
11.32
11.32
11.32
11.32
11.33
11.33
11.34
11.33
11.33
11.33
11.33
11.34
11.35
11.35
11.35
11.35
11.35
11.35
11.35
11.34
11.33
11.34
11.34
11.34
11.34
11.33
11.33
11.33
11.32
11.32
11.32
11.32
11.33
11.33
11.33
11.33
11.33
11.33
11.33
11.32
11.32
11.32
11.32
11.32
11.32
11.33
11.33
11.33
11.33
11.33
11.34
11.34
11.34
11.35
11.36
11.37
11.37
11.37
11.37
11.38
11.38
11.38
11.39
11.39
11.40
11.41
11.42
11.43
11.44
11.44
11.44
11.44
11.44
11.44
11.45
11.46
11.47
11.48
11.48
11.48
11.48
11.49
11.49
11.50
11.49
11.48
11.49
11.49
11.50
11.50
11.50
11.50
11.49
11.49
11.50
11.52
11.52
11.53
11.55
11.56
11.56
11.57
11.58
11.60
11.61
11.62
11.65
11.69
11.73
11.77
11.82
11.86
11.92
11.98
12.04
12.11
12.19
12.28
12.36
12.44
12.52
12.62
12.71
12.81
12.90
13.00
13.10
13.20
13.30
13.42
13.52
13.62
13.72
13.81
13.90
14.00
14.09
14.18
14.26
14.35
14.43
14.50
14.57
14.63
14.69
14.75
14.81
14.88
14.94
15.00
15.06
15.11
15.17
15.23
15.28
15.34
15.38
15.41
15.46
15.50
15.53
15.57
15.60
15.63
15.65
15.67
15.70
15.71
15.74
15.76
15.78
15.80
15.81
15.82
15.82
15.83
15.84
15.84
15.84
15.84
15.84
15.85
15.86
15.86
15.86
15.86
15.87
15.88
15.88
15.88
15.89
15.90
15.91
15.92
15.93
15.94
15.95
15.96
15.98
16.00
16.00
16.01
16.03
16.05
16.06
16.08
16.09
16.11
16.12
16.13
16.15
16.16
16.17
16.18
16.19
16.22
16.23
16.24
16.25
16.27
16.29
16.29
16.30
16.31
16.32
16.33
16.34
16.34
16.34
16.33
16.33
16.33
16.32
16.33
16.32
16.32
16.31
16.30
16.30
16.29
16.28
16.27
16.25
16.24
16.23
16.21
16.20
16.18
16.17
16.15
16.13
16.12
16.10
16.08
16.07
16.06
16.04
16.03
16.01
16.01
16.00
16.00
16.00
16.00
16.00
15.98
15.98
15.98
15.98
15.98
15.98
15.98
15.98
15.98
15.98
15.99
16.00
16.00
16.01
16.02
16.03
16.04
16.05
16.06
16.06
16.06
16.06
16.05
16.04
16.03
16.03
16.02
16.01
16.00
16.00
15.99
15.98
15.97
15.96
15.94
15.93
15.91
15.89
15.88
15.87
15.86
15.85
15.84
15.83
15.82
15.81
15.79
15.78
15.78
15.77
15.76
15.76
15.75
15.74
15.73
15.72
15.71
15.70
15.70
15.70
15.70
15.70
15.70
15.69
15.69
15.68
15.67
15.66
15.65
15.66
15.66
15.66
15.66
15.65
15.66
15.67
15.67
15.68
15.69
15.70
15.70
15.72
15.73
15.74
15.76
15.77
15.79
15.81
15.82
15.84
15.86
15.88
15.89
15.91
15.92
15.94
15.95
15.97
15.99
16.00
16.00
16.02
16.03
16.04
16.05
16.05
16.05
16.05
16.06
16.05
16.05
16.05
16.04
16.03
16.02
16.01
16.00
16.00
15.99
15.98
15.96
15.95
15.94
15.94
15.93
15.92
15.91
15.89
15.88
15.87
15.87
15.86
15.86
15.84
15.83
15.82
15.82
15.82
15.82
15.82
15.82
15.82
15.82
15.82
15.82
15.83
15.83
15.83
15.84
15.85
15.86
15.87
15.88
15.89
15.90
15.91
15.93
15.94
15.95
15.98
15.99
16.00
16.00
16.01
16.02
16.03
16.04
16.04
16.05
16.06
16.06
16.06
16.07
16.07
16.06
16.06
16.05
16.04
16.04
16.03
16.03
16.02
16.01
16.00
15.99
15.98
15.97
15.96
15.95
15.94
15.92
15.91
15.90
15.89
15.88
15.88
15.87
15.85
15.84
15.83
15.83
15.83
15.83
15.83
15.83
15.82
15.81
15.80
15.80
15.80
15.80
15.80
15.80
15.80
15.81
15.82
15.82
15.82
15.83
15.84
15.85
15.86
15.88
15.89
15.92
15.93
15.94
15.94
15.95
15.97
15.99
16.01
16.04
16.06
16.07
16.09
16.11
16.12
16.15
16.17
16.18
16.20
16.22
16.23
16.24
16.25
16.26
16.27
16.28
16.28
16.29
16.30
16.30
16.31
16.31
16.31
16.31
16.30
16.30
16.30
16.29
16.28
16.28
16.26
16.25
16.24
16.24
16.23
16.22
16.20
16.19
16.18
16.17
16.15
16.13
16.12
16.10
16.08
16.06
16.05
16.02
16.00
15.98
15.96
15.94
15.94
15.92
15.89
15.88
15.86
15.84
15.82
15.81
15.79
15.77
15.76
15.74
15.72
15.71
15.70
15.70
15.69
15.68
15.67
15.66
15.67
15.68
15.68
15.68
15.69
15.69
15.70
15.70
15.70
15.70
15.70
15.71
15.72
15.73
15.74
15.75
15.76
15.76
15.77
15.78
15.79
15.80
15.81
15.82
15.82
15.82
15.82
15.83
15.83
15.83
15.83
15.84
15.85
15.86
15.87
15.88
15.88
15.88
15.88
15.88
15.88
15.88
15.88
15.88
15.88
15.88
15.88
15.88
15.88
15.89
15.89
15.89
15.89
15.90
15.90
15.90
15.90
15.91
15.92
15.91
15.92
15.93
15.94
15.94
15.95
15.96
15.97
15.98
15.99
15.99
15.99
15.99
15.99
15.99
15.98
15.99
15.99
15.99
15.98
15.98
15.98
15.97
15.96
15.95
15.95
15.94
15.94
15.93
15.92
15.91
15.90
15.89
15.89
15.88
15.88
15.88
15.88
15.88
15.88
15.88
15.88
15.88
15.88
15.88
15.88
15.88
15.88
15.88
15.88
15.89
15.90
15.91
15.92
15.93
15.94
15.94
15.96
15.97
15.99
16.00
16.02
16.04
16.06
16.07
16.09
16.10
16.12
16.14
16.16
16.18
16.19
16.21
16.23
16.24
16.24
16.24
16.25
16.25
16.26
16.27
16.27
16.26
16.25
16.24
16.24
16.23
16.21
16.20
16.18
16.17
16.15
16.12
16.11
16.09
16.07
16.06
16.04
16.02
16.00
15.98
15.97
15.95
15.94
15.92
15.90
15.88
15.87
15.86
15.84
15.83
15.82
15.82
15.81
15.80
15.80
15.81
15.81
15.81
15.81
15.82
15.82
15.83
15.85
15.87
15.88
15.89
15.91
15.93
15.95
15.98
16.01
16.05
16.07
16.11
16.13
16.16
16.18
16.22
16.26
16.29
16.30
16.33
16.36
16.39
16.41
16.42
16.44
16.45
16.47
16.48
16.49
16.49
16.50
16.51
16.50
16.49
16.48
16.48
16.47
16.46
16.45
16.43
16.42
16.40
16.38
16.36
16.35
16.32
16.30
16.29
16.27
16.24
16.22
16.20
16.18
16.16
16.15
16.12
16.10
16.08
16.07
16.06
16.05
16.03
16.02
16.00
16.00
15.98
15.97
15.95
15.94
15.93
15.91
15.90
15.88
15.88
15.88
15.88
15.87
15.86
15.86
15.85
15.85
15.85
15.85
15.84
15.84
15.85
15.86
15.86
15.87
15.87
15.88
15.88
15.90
15.92
15.93
15.95
15.97
15.99
16.00
16.02
16.04
16.05
16.06
16.08
16.10
16.12
16.13
16.14
16.16
16.17
16.18
16.18
16.18
16.18
16.20
16.20
16.21
16.21
16.21
16.21
16.20
16.20
16.21
16.20
16.19
16.18
16.18
16.18
16.16
16.15
16.14
16.13
16.13
16.12
16.12
16.10
16.10
16.09
16.07
16.06
16.06
16.04
16.03
16.02
16.01
16.00
15.99
15.97
15.96
15.95
15.94
15.94
15.93
15.93
15.92
15.91
15.90
15.90
15.89
15.88
15.89
15.88
15.89
15.90
15.90
15.92
15.93
15.94
15.96
15.98
16.00
16.02
16.05
16.06
16.08
16.11
16.12
16.14
16.17
16.18
16.21
16.24
16.25
16.28
16.30
16.32
16.35
16.36
16.37
16.38
16.39
16.40
16.40
16.40
16.40
16.39
16.38
16.37
16.36
16.36
16.36
16.35
16.35
16.33
16.32
16.30
16.29
16.27
16.25
16.24
16.22
16.20
16.18
16.18
16.16
16.13
16.12
16.10
16.08
16.06
16.05
16.04
16.02
16.01
16.00
15.98
15.96
15.94
15.92
15.91
15.90
15.89
15.88
15.88
15.88
15.87
15.87
15.87
15.87
15.88
15.88
15.89
15.90
15.91
15.92
15.94
15.95
15.97
15.99
16.00
16.02
16.05
16.07
16.10
16.12
16.13
16.14
16.15
16.15
16.17
16.18
16.18
16.17
16.17
16.16
16.16
16.16
16.15
16.14
16.13
16.12
16.10
16.08
16.06
16.05
16.03
16.01
16.00
15.99
15.98
15.97
15.97
15.97
15.96
15.94
15.94
15.94
15.94
15.94
15.94
15.94
15.94
15.94
15.95
15.96
15.97
15.97
15.98
15.99
16.00
16.00
16.01
16.01
16.00
16.00
15.99
15.98
15.97
15.97
15.97
15.96
15.95
15.95
15.95
15.94
15.94
15.92
15.90
15.89
15.88
15.88
15.87
15.86
15.85
15.84
15.84
15.84
15.85
15.87
15.88
15.89
15.91
15.92
15.94
15.95
15.96
15.98
16.00
16.01
16.03
16.06
16.08
16.11
16.12
16.14
16.16
16.18
16.18
16.19
16.21
16.22
16.22
16.22
16.22
16.22
16.21
16.21
16.21
16.21
16.21
16.21
16.20
16.19
16.18
16.18
16.17
16.15
16.13
16.12
16.12
16.10
16.09
16.08
16.07
16.06
16.04
16.03
16.02
16.01
16.00
16.00
15.99
15.99
15.98
15.97
15.97
15.97
15.98
15.98
15.98
15.98
16.00
16.00
16.01
16.02
16.04
16.06
16.07
16.09
16.11
16.12
16.14
16.16
16.17
16.18
16.20
16.20
16.20
16.20
16.20
16.20
16.19
16.18
16.18
16.18
16.17
16.16
16.15
16.14
16.13
16.12
16.12
16.11
16.10
16.09
16.08
16.07
16.07
16.07
16.07
16.07
16.07
16.07
16.08
16.08
16.09
16.11
16.12
16.12
16.13
16.14
16.14
16.15
16.15
16.15
16.15
16.14
16.14
16.14
16.14
16.14
16.14
16.12
16.11
16.09
16.08
16.08
16.08
16.06
16.06
16.06
16.05
16.03
16.02
16.01
16.01
16.01
16.00
16.00
16.00
16.00
16.00
16.00
16.00
16.00
16.00
15.99
15.99
15.99
15.99
15.99
15.99
15.99
16.00
16.00
16.00
16.00
16.00
16.01
16.02
16.02
16.02
16.04
16.05
16.06
16.06
16.07
16.09
16.10
16.11
16.11
16.12
16.14
16.16
16.17
16.18
16.18
16.18
16.18
16.17
16.17
16.17
16.16
16.16
16.14
16.13
16.13
16.12
16.10
16.08
16.07
16.06
16.03
16.01
15.99
15.98
15.95
15.93
15.91
15.90
15.88
15.86
15.85
15.84
15.83
15.82
15.80
15.79
15.77
15.76
15.75
15.73
15.72
15.70
15.70
15.69
15.68
15.68
15.67
15.67
15.66
15.66
15.67
15.66
15.65
15.65
15.65
15.64
15.64
15.65
15.65
15.65
15.66
15.67
15.69
15.70
15.70
15.71
15.73
15.74
15.75
15.76
15.76
15.77
15.78
15.79
15.81
15.81
15.82
15.82
15.83
15.85
15.87
15.88
15.88
15.88
15.90
15.91
15.92
15.92
15.93
15.93
15.93
15.93
15.93
15.93
15.94
15.94
15.94
15.94
15.94
15.93
15.93
15.93
15.93
15.93
15.92
15.90
15.88
15.88
15.87
15.85
15.83
15.82
15.81
15.78
15.77
15.76
15.76
15.74
15.72
15.70
15.70
15.69
15.68
15.67
15.65
15.64
15.64
15.63
15.62
15.61
15.61
15.61
15.60
15.60
15.60
15.60
15.60
15.60
15.61
15.61
15.61
15.61
15.62
15.63
15.63
15.63
15.63
15.63
15.64
15.65
15.66
15.67
15.67
15.67
15.67
15.68
15.69
15.70
15.70
15.70
15.70
15.70
15.70
15.70
15.70
15.70
15.70
15.70
15.71
15.72
15.73
15.74
15.75
15.74
15.74
15.74
15.75
15.76
15.77
15.78
15.79
15.80
15.80
15.82
15.83
15.85
15.87
15.88
15.90
15.93
15.95
15.97
15.99
16.00
16.01
16.02
16.03
16.05
16.06
16.08
16.09
16.09
16.10
16.10
16.11
16.11
16.11
16.12
16.12
16.12
16.12
16.12
16.11
16.11
16.09
16.07
16.07
16.07
16.07
16.06
16.05
16.04
16.02
16.01
16.00
15.99
15.98
15.97
15.96
15.95
15.94
15.94
15.94
15.94
15.93
15.92
15.91
15.91
15.90
15.90
15.90
15.89
15.88
15.88
15.88
15.88
15.88
15.88
15.88
15.89
15.90
15.90
15.91
15.91
15.91
15.92
15.93
15.92
15.91
15.91
15.91
15.91
15.91
15.92
15.92
15.92
15.92
15.92
15.92
15.92
15.92
15.92
15.92
15.91
15.90
15.90
15.90
15.89
15.89
15.89
15.88
15.88
15.89
15.89
15.89
15.89
15.89
15.89
15.89
15.90
15.91
15.91
15.91
15.92
15.92
15.92
15.93
15.94
15.94
15.94
15.94
15.94
15.95
15.96
15.97
15.98
15.98
15.98
15.99
16.00
16.00
16.00
16.01
16.00
16.00
16.00
16.00
16.00
16.00
16.01
16.02
16.02
16.02
16.02
16.03
16.04
16.04
16.04
16.04
16.04
16.04
16.04
16.04
16.04
16.04
16.04
16.05
16.05
16.06
16.06
16.06
16.06
16.07
16.07
16.07
16.07
16.07
16.07
16.08
16.08
16.08
16.08
16.09
16.09
16.10
16.10
16.10
16.10
16.10
16.10
16.10
16.09
16.08
16.08
16.07
16.06
16.06
16.06
16.06
16.05
16.04
16.03
16.02
16.00
16.00
15.99
15.98
15.96
15.94
15.92
15.90
15.89
15.88
15.86
15.84
15.82
15.82
15.82
15.82
15.82
15.82
15.81
15.80
15.78
15.78
15.77
15.77
15.77
15.76
15.76
15.76
15.76
15.75
15.75
15.75
15.76
15.75
15.76
15.76
15.77
15.78
15.78
15.77
15.77
15.77
15.76
15.76
15.76
15.76
15.75
15.75
15.74
15.73
15.73
15.73
15.73
15.73
15.74
15.74
15.74
15.73
15.74
15.74
15.74
15.74
15.74
15.75
15.76
15.76
15.76
15.77
15.78
15.79
15.80
15.82
15.83
15.85
15.87
15.88
15.89
15.90
15.91
15.92
15.93
15.94
15.96
15.96
15.97
15.98
15.99
15.99
15.98
15.99
15.99
15.98
15.98
15.98
15.97
15.97
15.96
15.95
15.94
15.94
15.94
15.93
15.92
15.91
15.90
15.90
15.88
15.87
15.87
15.86
15.85
15.83
15.82
15.82
15.82
15.82
15.82
15.82
15.82
15.83
15.83
15.83
15.84
15.84
15.85
15.86
15.87
15.88
15.90
15.92
15.94
15.96
15.99
16.00
16.02
16.05
16.07
16.10
16.12
16.14
16.16
16.18
16.20
16.22
16.24
16.25
16.27
16.28
16.30
16.30
16.30
16.31
16.31
16.30
16.30
16.29
16.28
16.27
16.26
16.25
16.24
16.23
16.22
16.19
16.18
16.16
16.13
16.12
16.10
16.07
16.06
16.04
16.02
16.00
15.99
15.98
15.96
15.94
15.93
15.92
15.91
15.90
15.89
15.88
15.88
15.87
15.86
15.85
15.85
15.85
15.85
15.85
15.85
15.86
15.86
15.86
15.87
15.87
15.88
15.88
15.89
15.90
15.91
15.93
15.94
15.94
15.95
15.97
15.98
15.99
16.00
16.01
16.02
16.03
16.05
16.06
16.06
16.08
16.08
16.09
16.10
16.10
16.12
16.12
16.12
16.12
16.12
16.12
16.12
16.12
16.12
16.11
16.10
16.09
16.08
16.07
16.06
16.06
16.06
16.06
16.05
16.04
16.02
16.01
16.00
15.98
15.97
15.95
15.94
15.93
15.92
15.91
15.90
15.89
15.88
15.87
15.87
15.86
15.86
15.86
15.86
15.85
15.84
15.83
15.82
15.82
15.82
15.82
15.82
15.83
15.84
15.84
15.84
15.84
15.85
15.85
15.85
15.85
15.85
15.86
15.86
15.86
15.86
15.86
15.86
15.86
15.86
15.87
15.87
15.87
15.87
15.87
15.87
15.88
15.88
15.88
15.88
15.88
15.88
15.89
15.90
15.91
15.92
15.93
15.94
15.96
15.98
16.00
16.01
16.03
16.05
16.06
16.07
16.10
16.12
16.14
16.17
16.19
16.21
16.24
16.26
16.28
16.30
16.31
16.33
16.35
16.36
16.38
16.40
16.41
16.41
16.42
16.42
16.42
16.42
16.43
16.44
16.44
16.44
16.45
16.45
16.45
16.45
16.45
16.45
16.45
16.46
16.46
16.47
16.46
16.46
16.45
16.44
16.44
16.44
16.45
16.44
16.43
16.43
16.43
16.42
16.41
16.41
16.40
16.39
16.37
16.36
16.35
16.33
16.31
16.30
16.28
16.26
16.24
16.24
16.22
16.21
16.20
16.18
16.17
16.15
16.14
16.13
16.12
16.12
16.11
16.10
16.08
16.07
16.06
16.05
16.03
16.02
16.01
16.00
16.00
15.99
15.98
15.97
15.96
15.95
15.94
15.94
15.93
15.93
15.92
15.92
15.92
15.92
15.91
15.91
15.92
15.93
15.93
15.94
15.94
15.95
15.96
15.97
15.98
15.99
15.99
16.00
16.00
16.01
16.02
16.03
16.04
16.05
16.05
16.06
16.06
16.06
16.06
16.07
16.07
16.07
16.07
16.07
16.07
16.07
16.07
16.07
16.07
16.07
16.07
16.07
16.07
16.06
16.06
16.06
16.06
16.06
16.06
16.06
16.06
16.04
16.04
16.05
16.06
16.06
16.06
16.07
16.07
16.08
16.09
16.10
16.11
16.12
16.12
16.13
16.14
16.14
16.15
16.15
16.15
16.15
16.16
16.16
16.16
16.16
16.16
16.15
16.13
16.12
16.12
16.10
16.09
16.09
16.07
16.06
16.04
16.02
16.01
16.00
15.98
15.97
15.96
15.95
15.94
15.94
15.93
15.92
15.91
15.90
15.88
15.88
15.88
15.88
15.87
15.87
15.87
15.86
15.85
15.85
15.85
15.85
15.85
15.83
15.83
15.83
15.82
15.82
15.82
15.82
15.83
15.83
15.84
15.85
15.86
15.88
15.89
15.90
15.91
15.92
15.93
15.94
15.95
15.96
15.97
15.99
16.00
16.01
16.03
16.05
16.06
16.09
16.11
16.12
16.14
16.14
16.15
16.16
16.17
16.18
16.18
16.18
16.19
16.20
16.20
16.20
16.20
16.19
16.19
16.19
16.18
16.18
16.18
16.18
16.18
16.18
16.17
16.16
16.15
16.14
16.14
16.14
16.13
16.13
16.12
16.13
16.12
16.12
16.12
16.13
16.13
16.13
16.14
16.15
16.16
16.17
16.16
16.17
16.18
16.18
16.18
16.18
16.19
16.20
16.21
16.22
16.22
16.23
16.23
16.23
16.23
16.23
16.23
16.23
16.22
16.22
16.23
16.22
16.21
16.20
16.19
16.19
16.18
16.17
16.16
16.16
16.15
16.14
16.13
16.12
16.12
16.12
16.12
16.12
16.12
16.12
16.13
16.14
16.14
16.16
16.18
16.18
16.21
16.23
16.24
16.27
16.30
16.33
16.36
16.37
16.39
16.41
16.42
16.44
16.46
16.48
16.48
16.50
16.50
16.50
16.50
16.50
16.49
16.48
16.48
16.47
16.46
16.43
16.42
16.41
16.38
16.36
16.33
16.30
16.29
16.27
16.25
16.24
16.22
16.19
16.18
16.15
16.13
16.12
16.12
16.10
16.08
16.07
16.07
16.06
16.05
16.03
16.02
16.01
16.00
15.99
15.98
15.97
15.96
15.95
15.94
15.94
15.93
15.92
15.92
15.92
15.92
15.92
15.92
15.92
15.93
15.94
15.94
15.94
15.95
15.97
15.99
16.00
16.02
16.04
16.06
16.08
16.11
16.13
16.16
16.18
16.22
16.24
16.28
16.30
16.32
16.36
16.37
16.39
16.41
16.42
16.44
16.46
16.47
16.47
16.47
16.47
16.47
16.47
16.47
16.46
16.45
16.44
16.42
16.41
16.39
16.36
16.35
16.32
16.30
16.28
16.25
16.23
16.20
16.18
16.16
16.13
16.11
16.08
16.06
16.05
16.04
16.03
16.01
16.00
16.00
15.99
15.98
15.98
15.98
15.98
15.98
15.98
15.98
15.98
16.00
16.00
16.01
16.03
16.04
16.06
16.08
16.11
16.12
16.15
16.17
16.18
16.19
16.21
16.23
16.24
16.25
16.26
16.27
16.27
16.28
16.29
16.30
16.30
16.30
16.30
16.30
16.30
16.30
16.30
16.29
16.29
16.28
16.27
16.26
16.26
16.26
16.24
16.24
16.23
16.23
16.22
16.21
16.20
16.20
16.19
16.18
16.18
16.18
16.18
16.17
16.16
16.15
16.14
16.13
16.13
16.12
16.12
16.12
16.12
16.12
16.11
16.12
16.12
16.12
16.12
16.13
16.14
16.15
16.16
16.17
16.18
16.18
16.19
16.20
16.22
16.24
16.24
16.25
16.27
16.28
16.29
16.30
16.30
16.30
16.30
16.31
16.30
16.30
16.29
16.29
16.28
16.28
16.27
16.26
16.26
16.26
16.26
16.26
16.26
16.25
16.25
16.26
16.26
16.25
16.26
16.26
16.27
16.27
16.28
16.28
16.27
16.27
16.26
16.24
16.21
16.18
16.13
16.08
16.03
15.95
15.88
15.78
15.69
15.59
15.48
15.36
15.23
15.11
14.98
14.85
14.71
14.56
14.40
14.24
14.08
13.93
13.78
13.62
13.48
13.34
13.19
13.06
12.94
12.82
12.72
12.61
12.52
12.44
12.35
12.28
12.22
12.15
12.09
12.03
11.97
11.92
11.87
11.84
11.80
11.77
11.74
11.70
11.68
11.67
11.64
11.62
11.62
11.61
11.60
11.58
11.58
11.57
11.56
11.55
11.54
11.52
11.52
11.51
11.51
11.50
11.50
11.50
11.49
11.49
11.49
11.50
11.50
11.50
11.50
11.50
11.51
11.51
11.50
11.50
11.51
11.51
11.50
11.51
11.51
11.51
11.51
11.50
11.50
11.50
11.51
11.51
11.51
11.52
11.52
11.51
11.50
11.50
11.50
11.49
11.48
11.47
11.46
11.46
11.45
11.44
11.44
11.44
11.43
11.41
11.40
11.40
11.40
11.39
11.38
11.38
11.37
11.37
11.36
11.35
11.35
11.35
11.35
11.35
11.35
11.35
11.35
11.35
11.35
11.35
11.35
11.35
11.35
11.35
11.36
11.36
11.36
11.36
11.36
11.36
11.36
11.36
11.36
11.36
11.36
11.36
11.36
11.36
11.36
11.36
11.36
11.36
11.36
11.36
11.35
11.35
11.34
11.34
11.33
11.33
11.33
11.33
11.33
11.33
11.33
11.33
11.33
11.33
11.33
11.33
11.33
11.33
11.33
11.33
11.33
11.33
11.33
11.33
11.33
11.33
11.32
11.33
11.33
11.34
11.35
11.35
11.35
11.35
11.35
11.36
11.36
11.36
11.36
11.36
11.37
11.37
11.37
11.37
11.37
11.37
11.37
11.37
11.37
11.37
11.38
11.38
11.38
11.38
11.38
11.37
11.36
11.36
11.36
11.35
11.34
11.34
11.33
11.32
11.32
11.32
11.32
11.32
11.32
11.32
11.32
11.32
11.31
11.31
11.31
11.31
11.30
11.30
11.31
11.31
11.31
11.32
11.32
11.32
11.32
11.32
11.31
11.32
11.32
11.31
11.31
11.31
11.31
11.30
11.30
11.29
11.29
11.30
11.30
11.30
11.29
11.30
11.29
11.29
11.29
11.29
11.29
11.28
11.28
11.28
11.28
11.29
11.29
11.30
11.31
11.31
11.32
11.32
11.32
11.32
11.33
11.33
11.33
11.34
11.34
11.35
11.35
11.37
11.37
11.38
11.38
11.38
11.40
11.41
11.42
11.44
11.44
11.44
11.45
11.45
11.46
11.45
11.46
11.47
11.48
11.49
11.49
11.49
11.48
11.49
11.50
11.50
11.49
11.49
11.49
11.49
11.48
11.47
11.47
11.46
11.46
11.47
11.46
11.45
11.45
11.44
11.44
11.44
11.43
11.43
11.42
11.42
11.42
11.42
11.41
11.40
11.40
11.40
11.39
11.38
11.38
11.38
11.38
11.38
11.37
11.35
11.33
11.33
11.32
11.32
11.31
11.30
11.29
11.28
11.27
11.26
11.26
11.26
11.25
11.25
11.25
11.24
11.23
11.24
11.24
11.24
11.24
11.24
11.24
11.25
11.26
11.26
11.26
11.27
11.28
11.29
11.30
11.31
11.32
11.32
11.32
11.33
11.33
11.34
11.34
11.34
11.35
11.36
11.36
11.36
11.36
11.36
11.36
11.36
11.36
11.36
11.36
11.36
11.36
11.36
11.36
11.36
11.36
11.36
11.36
11.36
11.36
11.36
11.36
11.36
11.35
11.35
11.34
11.34
11.33
11.33
11.32
11.32
11.32
11.32
11.32
11.32
11.32
11.31
11.31
11.31
11.31
11.31
11.31
11.31
11.31
11.31
11.31
11.31
11.31
11.32
11.32
11.32
11.32
11.33
11.33
11.34
11.34
11.33
11.34
11.34
11.34
11.34
11.34
11.34
11.34
11.34
11.34
11.34
11.34
11.33
11.33
11.33
11.33
11.33
11.33
11.32
11.32
11.32
11.32
11.32
11.32
11.32
11.32
11.33
11.34
11.35
11.35
11.36
11.37
11.37
11.37
11.37
11.37
11.37
11.38
11.38
11.38
11.38
11.38
11.38
11.38
11.39
11.39
11.39
11.39
11.39
11.39
11.39
11.38
11.38
11.37
11.37
11.37
11.36
11.37
11.37
11.38
11.38
11.38
11.38
11.38
11.38
11.38
11.38
11.38
11.38
11.38
11.38
11.38
11.38
11.39
11.39
11.39
11.40
11.40
11.40
11.40
11.40
11.41
11.40
11.40
11.39
11.39
11.38
11.38
11.38
11.39
11.40
11.40
11.40
11.41
11.42
11.42
11.42
11.42
11.41
11.41
11.42
11.41
11.41
11.41
11.41
11.40
11.38
11.38
11.38
11.37
11.36
11.35
11.34
11.33
11.32
11.31
11.31
11.30
11.28
11.27
11.26
11.26
11.26
11.26
11.26
11.24
11.24
11.24
11.24
11.24
11.25
11.25
11.26
11.26
11.26
11.27
11.28
11.29
11.30
11.30
11.30
11.29
11.30
11.31
11.31
11.32
11.32
11.32
11.32
11.32
11.32
11.32
11.32
11.32
11.32
11.31
11.32
11.32
11.32
11.32
11.31
11.31
11.31
11.31
11.31
11.32
11.32
11.32
11.32
11.31
11.30
11.29
11.28
11.29
11.29
11.30
11.30
11.30
11.30
11.30
11.31
11.31
11.31
11.31
11.30
11.30
11.29
11.29
11.28
11.28
11.27
11.26
11.26
11.26
11.26
11.27
11.27
11.28
11.28
11.28
11.28
11.28
11.28
11.27
11.26
11.26
11.26
11.26
11.26
11.27
11.28
11.28
11.27
11.28
11.28
11.29
11.30
11.30
11.31
11.32
11.32
11.33
11.33
11.33
11.34
11.34
11.34
11.34
11.36
11.37
11.37
11.38
11.38
11.38
11.38
11.38
11.40
11.41
11.41
11.41
11.42
11.43
11.44
11.44
11.43
11.43
11.43
11.44
11.44
11.43
11.43
11.43
11.43
11.43
11.43
11.43
11.42
11.42
11.42
11.42
11.41
11.39
11.39
11.39
11.39
11.38
11.37
11.36
11.36
11.36
11.36
11.36
11.35
11.35
11.35
11.35
11.35
11.35
11.34
11.34
11.34
11.34
11.34
11.34
11.34
11.33
11.34
11.34
11.33
11.33
11.34
11.34
11.34
11.34
11.34
11.34
11.33
11.32
11.32
11.32
11.31
11.31
11.30
11.30
11.30
11.30
11.30
11.30
11.30
11.30
11.31
11.31
11.31
11.32
11.32
11.32
11.32
11.32
11.32
11.31
11.31
11.32
11.32
11.32
11.33
11.34
11.33
11.34
11.33
11.33
11.32
11.32
11.32
11.32
11.32
11.32
11.32
11.32
11.32
11.32
11.32
11.32
11.32
11.32
11.33
11.33
11.33
11.33
11.33
11.33
11.32
11.33
11.32
11.33
11.33
11.33
11.33
11.33
11.33
11.33
11.32
11.32
11.32
11.32
11.32
11.32
11.32
11.32
11.31
11.31
11.30
11.29
11.29
11.29
11.29
11.30
11.30
11.31
11.30
11.30
11.31
11.31
11.31
11.31
11.31
11.32
11.31
11.31
11.32
11.32
11.32
11.32
11.32
11.32
11.32
11.32
11.33
11.33
11.32
11.32
11.32
11.32
11.32
11.33
11.32
11.32
11.31
11.31
11.30
11.30
11.30
11.31
11.31
11.30
11.30
11.30
11.30
11.30
11.30
11.30
11.31
11.31
11.31
11.32
11.32
11.32
11.32
11.32
11.32
11.33
11.34
11.35
11.35
11.37
11.37
11.38
11.38
11.38
11.40
11.41
11.41
11.41
11.42
11.43
11.43
11.43
11.43
11.43
11.44
11.43
11.43
11.44
11.44
11.44
11.44
11.44
11.44
11.44
11.43
11.43
11.41
11.40
11.40
11.39
11.38
11.38
11.38
11.37
11.36
11.35
11.35
11.35
11.35
11.34
11.34
11.34
11.33
11.33
11.33
11.33
11.33
11.33
11.33
11.33
11.33
11.34
11.33
11.33
11.33
11.33
11.33
11.34
11.34
11.34
11.35
11.35
11.35
11.35
11.35
11.35
11.35
11.35
11.35
11.35
11.35
11.35
11.35
11.35
11.35
11.35
11.35
11.36
11.36
11.37
11.37
11.37
11.37
11.37
11.37
11.37
11.37
11.36
11.36
11.36
11.36
11.36
11.35
11.34
11.34
11.33
11.33
11.32
11.32
11.31
11.31
11.31
11.31
11.30
11.29
11.29
11.29
11.29
11.28
11.27
11.27
11.27
11.28
11.28
11.28
11.28
11.28
11.29
11.30
11.29
11.30
11.30
11.31
11.31
11.31
11.30
11.30
11.30
11.31
11.30
11.30
11.29
11.28
11.28
11.29
11.28
11.28
11.27
11.27
11.27
11.27
11.27
11.27
11.27
11.28
11.28
11.28
11.28
11.29
11.29
11.30
11.30
11.29
11.29
11.30
11.30
11.30
11.30
11.31
11.31
11.32
11.32
11.32
11.32
11.32
11.32
11.32
11.32
11.32
11.32
11.32
11.32
11.32
11.33
11.35
11.35
11.36
11.37
11.37
11.37
11.37
11.38
11.40
11.40
11.40
11.40
11.40
11.40
11.40
11.40
11.40
11.40
11.40
11.40
11.40
11.40
11.40
11.40
11.39
11.38
11.38
11.38
11.38
11.38
11.38
11.38
11.37
11.36
11.36
11.36
11.36
11.36
11.36
11.36
11.36
11.36
11.36
11.35
11.35
11.35
11.35
11.35
11.35
11.35
11.34
11.34
11.33
11.33
11.33
11.33
11.32
11.32
11.32
11.32
11.32
11.31
11.30
11.30
11.29
11.29
11.28
11.28
11.29
11.29
11.29
11.29
11.29
11.28
11.27
11.28
11.28
11.28
11.28
11.27
11.27
11.28
11.28
11.29
11.29
11.29
11.30
11.31
11.31
11.31
11.31
11.32
11.32
11.32
11.32
11.32
11.32
11.32
11.32
11.33
11.32
11.32
11.32
11.32
11.33
11.33
11.33
11.32
11.32
11.32
11.31
11.30
11.30
11.30
11.30
11.30
11.30
11.30
11.30
11.30
11.30
11.30
11.30
11.30
11.30
11.31
11.32
11.32
11.32
11.31
11.31
11.31
11.32
11.32
11.32
11.33
11.34
11.34
11.34
11.34
11.34
11.34
11.33
11.33
11.33
11.33
11.32
11.32
11.32
11.32
11.32
11.31
11.31
11.31
11.32
11.32
11.32
11.32
11.32
11.32
11.31
11.30
11.30
11.30
11.31
11.31
11.31
11.31
11.31
11.31
11.31
11.32
11.32
11.32
11.32
11.32
11.33
11.33
11.32
11.32
11.33
11.33
11.33
11.34
11.34
11.35
11.36
11.36
11.37
11.38
11.38
11.39
11.41
11.42
11.43
11.44
11.44
11.44
11.45
11.45
11.45
11.46
11.47
11.49
11.49
11.48
11.49
11.49
11.49
11.49
11.50
11.50
11.51
11.51
11.51
11.51
11.50
11.50
11.50
11.50
11.50
11.50
11.50
11.50
11.51
11.52
11.52
11.52
11.52
11.53
11.54
11.54
11.55
11.55
11.56
11.55
11.54
11.54
11.54
11.54
11.54
11.55
11.55
11.55
11.54
11.54
11.53
11.52
11.51
11.50
11.50
11.50
11.50
11.50
11.50
11.50
11.49
11.49
11.49
11.48
11.49
11.50
11.50
11.50
11.50
11.50
11.50
11.50
11.50
11.51
11.51
11.52
11.53
11.54
11.54
11.54
11.54
11.53
11.53
11.53
11.53
11.53
11.52
11.52
11.53
11.53
11.53
11.52
11.51
11.51
11.50
11.50
11.50
11.49
11.48
11.47
11.46
11.45
11.44
11.44
11.44
11.44
11.44
11.44
11.44
11.45
11.46
11.47
11.46
11.45
11.44
11.44
11.44
11.44
11.44
11.44
11.45
11.45
11.45
11.45
11.46
11.47
11.47
11.47
11.48
11.49
11.49
11.48
11.48
11.48
11.47
11.46
11.45
11.45
11.46
11.47
11.46
11.47
11.48
11.49
11.49
11.49
11.49
11.50
11.50
11.50
11.51
11.52
11.53
11.54
11.54
11.54
11.56
11.56
11.57
11.59
11.60
11.62
11.64
11.65
11.66
11.68
11.69
11.70
11.72
11.74
11.75
11.77
11.79
11.81
11.83
11.85
11.86
11.88
11.90
11.92
11.96
11.98
12.00
12.03
12.05
12.10
12.14
12.17
12.22
12.28
12.34
12.41
12.49
12.58
12.67
12.77
12.89
13.01
13.14
13.29
13.43
13.60
13.77
13.94
14.12
14.30
14.50
14.69
14.89
15.10
15.32
15.53
15.75
15.97
16.18
16.40
16.60
16.82
17.02
17.22
17.41
17.58
17.76
17.92
18.08
18.22
18.37
18.51
18.64
18.76
18.87
18.98
19.07
19.18
19.26
19.34
19.41
19.48
19.54
19.60
19.65
19.71
19.76
19.80
19.84
19.90
19.95
19.99
20.04
20.08
20.14
20.18
20.22
20.27
20.32
20.36
20.40
20.44
20.49
20.52
20.56
20.61
20.64
20.68
20.70
20.73
20.74
20.74
20.75
20.76
20.76
20.75
20.74
20.73
20.72
20.70
20.68
20.66
20.63
20.62
20.60
20.57
20.56
20.55
20.54
20.52
20.50
20.48
20.46
20.45
20.44
20.44
20.44
20.45
20.46
20.47
20.48
20.50
20.51
20.52
20.53
20.55
20.56
20.56
20.56
20.56
20.56
20.56
20.55
20.53
20.52
20.51
20.51
20.51
20.50
20.49
20.47
20.46
20.44
20.41
20.38
20.37
20.34
20.32
20.30
20.28
20.26
20.25
20.24
20.22
20.21
20.20
20.19
20.18
20.17
20.15
20.14
20.13
20.11
20.09
20.08
20.08
20.06
20.05
20.05
20.05
20.05
20.05
20.06
20.06
20.06
20.06
20.06
20.06
20.07
20.07
20.08
20.08
20.08
20.09
20.10
20.11
20.12
20.13
20.14
20.14
20.15
20.16
20.17
20.18
20.18
20.19
20.20
20.20
20.20
20.22
20.24
20.26
20.27
20.28
20.30
20.30
20.32
20.33
20.35
20.36
20.37
20.38
20.39
20.40
20.42
20.43
20.44
20.46
20.48
20.50
20.51
20.52
20.53
20.54
20.55
20.55
20.56
20.56
20.56
20.56
20.56
20.56
20.56
20.56
20.56
20.56
20.57
20.56
20.57
20.56
20.56
20.56
20.55
20.54
20.53
20.51
20.50
20.49
20.48
20.46
20.45
20.44
20.43
20.42
20.41
20.39
20.38
20.38
20.38
20.37
20.37
20.35
20.35
20.34
20.33
20.33
20.33
20.33
20.32
20.32
20.31
20.29
20.28
20.26
20.25
20.23
20.21
20.19
20.16
20.14
20.12
20.09
20.06
20.03
20.00
19.96
19.94
19.90
19.87
19.84
19.82
19.79
19.77
19.74
19.72
19.71
19.71
19.71
19.72
19.72
19.73
19.74
19.77
19.78
19.81
19.84
19.86
19.90
19.92
19.96
20.00
20.03
20.08
20.11
20.15
20.19
20.21
20.25
20.28
20.32
20.36
20.39
20.42
20.44
20.46
20.48
20.50
20.50
20.53
20.54
20.55
20.56
20.56
20.57
20.58
20.59
20.61
20.61
20.62
20.62
20.63
20.64
20.65
20.66
20.66
20.66
20.65
20.65
20.66
20.66
20.66
20.67
20.68
20.68
20.68
20.69
20.70
20.71
20.71
20.71
20.72
20.72
20.72
20.72
20.72
20.71
20.72
20.72
20.72
20.73
20.73
20.74
20.74
20.74
20.74
20.74
20.74
20.74
20.74
20.74
20.74
20.74
20.74
20.76
20.77
20.77
20.77
20.79
20.79
20.80
20.81
20.81
20.81
20.81
20.81
20.81
20.81
20.81
20.83
20.83
20.84
20.84
20.84
20.85
20.86
20.86
20.86
20.86
20.86
20.85
20.86
20.86
20.85
20.85
20.85
20.85
20.85
20.85
20.86
20.86
20.87
20.88
20.89
20.88
20.88
20.88
20.89
20.90
20.89
20.88
20.88
20.88
20.89
20.89
20.89
20.88
20.88
20.88
20.88
20.87
20.88
20.89
20.89
20.89
20.88
20.87
20.86
20.86
20.86
20.86
20.85
20.84
20.83
20.83
20.83
20.82
20.82
20.81
20.81
20.80
20.80
20.80
20.80
20.79
20.79
20.77
20.76
20.75
20.74
20.74
20.74
20.74
20.74
20.74
20.73
20.72
20.72
20.72
20.71
20.70
20.69
20.68
20.68
20.67
20.68
20.67
20.66
20.66
20.66
20.65
20.66
20.65
20.65
20.64
20.63
20.62
20.62
20.62
20.62
20.62
20.63
20.63
20.63
20.63
20.63
20.63
20.64
20.64
20.65
20.65
20.65
20.66
20.67
20.67
20.67
20.66
20.66
20.66
20.66
20.66
20.66
20.65
20.65
20.65
20.64
20.63
20.62
20.62
20.62
20.62
20.62
20.61
20.61
20.60
20.59
20.59
20.58
20.58
20.58
20.57
20.57
20.57
20.57
20.57
20.57
20.57
20.57
20.57
20.58
20.58
20.58
20.58
20.58
20.59
20.59
20.59
20.59
20.59
20.59
20.59
20.59
20.60
20.59
20.59
20.60
20.61
20.61
20.62
20.62
20.62
20.62
20.63
20.64
20.63
20.63
20.64
20.65
20.65
20.64
20.65
20.65
20.65
20.65
20.65
20.65
20.66
20.65
20.65
20.65
20.65
20.64
20.64
20.64
20.63
20.64
20.64
20.63
20.62
20.62
20.62
20.62
20.62
20.62
20.62
20.62
20.62
20.62
20.63
20.64
20.65
20.64
20.65
20.65
20.66
20.66
20.67
20.67
20.67
20.68
20.68
20.68
20.69
20.70
20.70
20.71
20.72
20.72
20.73
20.74
20.74
20.74
20.74
20.74
20.74
20.74
20.75
20.75
20.76
20.76
20.77
20.77
20.78
20.78
20.78
20.78
20.78
20.78
20.78
20.79
20.78
20.78
20.78
20.78
20.77
20.77
20.77
20.77
20.77
20.77
20.77
20.76
20.76
20.76
20.75
20.74
20.74
20.74
20.74
20.74
20.73
20.73
20.73
20.73
20.72
20.73
20.72
20.72
20.72
20.72
20.71
20.70
20.70
20.69
20.69
20.68
20.68
20.68
20.68
20.68
20.69
20.68
20.69
20.69
20.69
20.70
20.70
20.70
20.70
20.71
20.71
20.72
20.72
20.72
20.73
20.74
20.74
20.74
20.75
20.75
20.77
20.78
20.79
20.80
20.80
20.80
20.80
20.80
20.80
20.80
20.80
20.80
20.80
20.80
20.80
20.80
20.80
20.80
20.80
20.80
20.79
20.79
20.79
20.79
20.78
20.77
20.76
20.75
20.75
20.75
20.75
20.75
20.75
20.75
20.75
20.75
20.75
20.75
20.75
20.75
20.75
20.75
20.75
20.76
20.76
20.77
20.77
20.77
20.77
20.78
20.78
20.79
20.79
20.79
20.79
20.79
20.79
20.79
20.79
20.79
20.79
20.79
20.79
20.79
20.79
20.79
20.79
20.79
20.79
20.79
20.78
20.78
20.77
20.76
20.75
20.74
20.74
20.74
20.73
20.72
20.72
20.72
20.72
20.71
20.71
20.70
20.70
20.69
20.68
20.68
20.68
20.68
20.68
20.68
20.68
20.69
20.68
20.69
20.70
20.71
20.72
20.72
20.73
20.74
20.74
20.74
20.74
20.74
20.75
20.75
20.76
20.76
20.77
20.78
20.78
20.78
20.78
20.78
20.78
20.78
20.78
20.79
20.79
20.78
20.78
20.78
20.77
20.76
20.76
20.76
20.76
20.76
20.76
20.76
20.75
20.75
20.75
20.74
20.74
20.74
20.74
20.74
20.74
20.74
20.74
20.74
20.74
20.74
20.74
20.74
20.74
20.75
20.76
20.76
20.76
20.76
20.76
20.76
20.77
20.79
20.79
20.80
20.81
20.81
20.83
20.83
20.83
20.83
20.83
20.83
20.84
20.85
20.85
20.86
20.86
20.86
20.86
20.87
20.87
20.88
20.88
20.88
20.88
20.88
20.87
20.88
20.87
20.87
20.87
20.87
20.87
20.88
20.88
20.88
20.88
20.87
20.86
20.86
20.86
20.86
20.85
20.85
20.85
20.85
20.85
20.86
20.86
20.87
20.87
20.88
20.88
20.88
20.87
20.88
20.87
20.88
20.88
20.88
20.88
20.89
20.89
20.89
20.89
20.90
20.90
20.91
20.91
20.91
20.92
20.91
20.91
20.91
20.91
20.90
20.89
20.89
20.89
20.90
20.90
20.90
20.89
20.88
20.89
20.89
20.88
20.88
20.89
20.89
20.88
20.89
20.88
20.89
20.88
20.88
20.88
20.87
20.86
20.86
20.86
20.87
20.86
20.87
20.86
20.86
20.86
20.86
20.86
20.85
20.86
20.86
20.86
20.85
20.85
20.85
20.84
20.84
20.83
20.83
20.82
20.81
20.81
20.80
20.80
20.80
20.79
20.79
20.78
20.78
20.78
20.78
20.78
20.78
20.79
20.78
20.79
20.79
20.80
20.80
20.80
20.81
20.82
20.83
20.83
20.84
20.86
20.86
20.86
20.86
20.86
20.87
20.87
20.87
20.87
20.87
20.88
20.88
20.88
20.87
20.88
20.87
20.88
20.87
20.86
20.86
20.86
20.85
20.84
20.84
20.83
20.83
20.84
20.84
20.84
20.84
20.83
20.83
20.83
20.83
20.83
20.82
20.82
20.83
20.83
20.82
20.82
20.82
20.82
20.82
20.82
20.82
20.82
20.82
20.82
20.82
20.82
20.81
20.81
20.81
20.81
20.82
20.82
20.82
20.82
20.83
20.83
20.83
20.82
20.82
20.82
20.83
20.83
20.83
20.84
20.84
20.85
20.85
20.85
20.86
20.86
20.85
20.86
20.86
20.87
20.87
20.86
20.87
20.87
20.88
20.88
20.88
20.88
20.89
20.90
20.91
20.91
20.91
20.92
20.92
20.92
20.92
20.92
20.93
20.93
20.94
20.95
20.95
20.95
20.95
20.96
20.97
20.97
20.98
20.97
20.97
20.98
20.98
20.98
20.98
20.98
20.98
20.98
20.98
20.98
20.98
20.98
20.97
20.96
20.95
20.94
20.93
20.92
20.92
20.91
20.90
20.90
20.89
20.89
20.90
20.89
20.89
20.88
20.88
20.87
20.87
20.86
20.86
20.86
20.85
20.84
20.84
20.84
20.84
20.84
20.84
20.83
20.83
20.82
20.82
20.82
20.81
20.81
20.80
20.80
20.80
20.79
20.79
20.78
20.78
20.77
20.77
20.77
20.77
20.77
20.77
20.77
20.77
20.77
20.77
20.77
20.79
20.79
20.80
20.80
20.80
20.80
20.80
20.80
20.80
20.80
20.81
20.82
20.83
20.83
20.83
20.83
20.83
20.83
20.83
20.83
20.84
20.84
20.85
20.85
20.85
20.84
20.84
20.84
20.84
20.83
20.83
20.83
20.82
20.80
20.80
20.79
20.78
20.77
20.76
20.76
20.75
20.74
20.74
20.74
20.74
20.73
20.73
20.72
20.72
20.72
20.72
20.73
20.73
20.74
20.75
20.75
20.75
20.76
20.77
20.78
20.80
20.80
20.81
20.83
20.83
20.85
20.86
20.87
20.88
20.88
20.89
20.89
20.89
20.90
20.90
20.91
20.90
20.90
20.90
20.90
20.91
20.91
20.91
20.92
20.92
20.91
20.90
20.90
20.89
20.90
20.89
20.88
20.88
20.87
20.87
20.87
20.87
20.87
20.87
20.87
20.86
20.86
20.87
20.87
20.87
20.86
20.87
20.87
20.86
20.86
20.87
20.87
20.87
20.87
20.87
20.87
20.88
20.89
20.89
20.89
20.89
20.90
20.91
20.90
20.91
20.92
20.92
20.92
20.92
20.92
20.92
20.92
20.92
20.93
20.92
20.92
20.92
20.92
20.93
20.92
20.92
20.92
20.92
20.92
20.92
20.92
20.92
20.91
20.91
20.90
20.89
20.89
20.89
20.89
20.89
20.89
20.88
20.88
20.87
20.87
20.86
20.86
20.86
20.85
20.86
20.86
20.86
20.86
20.85
20.85
20.85
20.86
20.86
20.87
20.88
20.88
20.87
20.87
20.86
20.86
20.86
20.86
20.87
20.88
20.89
20.90
20.91
20.92
20.92
20.92
20.92
20.91
20.92
20.92
20.92
20.92
20.92
20.92
20.92
20.92
20.93
20.93
20.93
20.93
20.94
20.93
20.93
20.92
20.92
20.91
20.91
20.90
20.89
20.89
20.89
20.89
20.89
20.89
20.89
20.89
20.88
20.87
20.86
20.86
20.86
20.86
20.86
20.86
20.86
20.85
20.85
20.86
20.86
20.87
20.87
20.86
20.87
20.87
20.88
20.88
20.88
20.88
20.88
20.88
20.87
20.88
20.88
20.89
20.89
20.89
20.89
20.90
20.91
20.92
20.92
20.92
20.92
20.92
20.92
20.92
20.93
20.93
20.94
20.94
20.94
20.95
20.96
20.95
20.95
20.95
20.94
20.95
20.95
20.95
20.94
20.94
20.94
20.93
20.93
20.94
20.93
20.93
20.92
20.92
20.92
20.92
20.92
20.91
20.91
20.91
20.90
20.90
20.91
20.92
20.92
20.92
20.92
20.91
20.90
20.91
20.91
20.91
20.92
20.91
20.91
20.92
20.91
20.92
20.92
20.92
20.92
20.91
20.92
20.92
20.92
20.92
20.92
20.91
20.90
20.90
20.91
20.92
20.92
20.92
20.92
20.92
20.92
20.92
20.93
20.92
20.92
20.92
20.92
20.92
20.92
20.93
20.93
20.93
20.93
20.93
20.94
20.93
20.93
20.94
20.93
20.92
20.92
20.92
20.92
20.92
20.92
20.92
20.92
20.92
20.92
20.93
20.93
20.93
20.93
20.94
20.94
20.95
20.95
20.95
20.95
20.95
20.96
20.97
20.97
20.98
20.99
20.99
21.00
21.00
21.00
21.01
21.01
21.01
21.02
21.02
21.02
21.03
21.03
21.03
21.04
21.04
21.04
21.04
21.04
21.04
21.04
21.04
21.04
21.04
21.04
21.04
21.04
21.04
21.04
21.04
21.04
21.04
21.04
21.04
21.04
21.04
21.04
21.04
21.04
21.04
21.03
21.04
21.04
21.04
21.04
21.05
21.05
21.05
21.05
21.06
21.06
21.06
21.06
21.06
21.06
21.06
21.07
21.07
21.07
21.07
21.07
21.07
21.08
21.08
21.09
21.09
21.08
21.08
21.09
21.10
21.09
21.09
21.09
21.09
21.08
21.07
21.07
21.07
21.07
21.07
21.07
21.05
21.05
21.05
21.05
21.05
21.04
21.03
21.02
21.01
21.01
21.01
21.00
20.99
20.98
20.98
20.97
20.96
20.96
20.96
20.96
20.96
20.96
20.96
20.96
20.96
20.97
20.97
20.97
20.97
20.97
20.98
20.98
20.98
20.98
20.98
20.98
20.98
20.97
20.98
20.97
20.98
20.98
20.98
20.98
20.98
20.98
20.98
20.98
20.98
20.98
20.97
20.97
20.97
20.97
20.97
20.97
20.97
20.96
20.96
20.96
20.96
20.95
20.96
20.96
20.97
20.97
20.97
20.97
20.98
20.97
20.97
20.97
20.97
20.97
20.97
20.98
20.98
20.98
20.98
20.98
20.98
20.98
20.98
20.98
20.98
20.98
20.98
20.98
20.98
20.98
20.98
20.98
20.98
20.98
20.99
21.00
21.00
21.00
21.00
21.00
21.00
21.00
21.00
21.00
21.01
21.02
21.03
21.03
21.03
21.04
21.04
21.04
21.04
21.04
21.04
21.04
21.04
21.04
21.04
21.04
21.04
21.04
21.04
21.04
21.04
21.04
21.04
21.04
21.04
21.03
21.02
21.01
21.01
21.01
21.00
21.00
20.99
20.99
20.99
20.99
20.99
20.99
20.99
20.99
20.99
20.99
21.00
21.00
21.00
21.00
21.00
21.00
21.00
21.00
21.00
21.01
21.01
21.01
21.01
21.02
21.02
21.03
21.03
21.03
21.04
21.04
21.04
21.04
21.04
21.04
21.05
21.04
21.05
21.06
21.06
21.06
21.06
21.06
21.06
21.06
21.04
21.04
21.04
21.04
21.04
21.04
21.04
21.04
21.04
21.03
21.01
21.01
21.01
21.00
21.00
20.99
20.99
20.98
20.98
20.98
20.98
20.98
20.98
20.98
20.98
20.98
20.98
20.98
20.98
20.98
20.98
20.98
20.98
20.98
20.98
20.99
20.99
20.99
20.99
20.99
20.99
20.99
20.99
20.99
20.99
20.99
20.99
20.99
21.00
21.00
21.00
21.01
21.01
21.01
21.01
21.01
21.01
21.01
21.01
21.01
21.01
21.01
21.01
21.01
21.00
21.00
20.99
20.99
20.99
20.99
20.99
20.99
20.99
20.98
20.98
20.98
20.98
20.98
20.98
20.98
20.98
20.98
20.98
20.98
20.97
20.97
20.97
20.97
20.97
20.98
20.98
20.98
20.98
20.98
20.98
20.98
20.98
20.98
20.98
20.98
20.98
20.98
20.98
20.97
20.97
20.98
20.97
20.97
20.97
20.98
20.98
20.98
20.98
20.98
20.98
20.98
20.98
20.98
20.98
20.98
20.98
20.99
20.99
20.99
20.99
20.99
20.99
20.99
21.00
20.99
20.99
21.00
21.00
21.00
21.00
21.00
21.01
21.01
21.02
21.03
21.03
21.03
21.04
21.04
21.03
21.03
21.03
21.03
21.03
21.03
21.03
21.03
21.03
21.03
21.04
21.04
21.04
21.04
21.04
21.04
21.04
21.04
21.03
21.02
21.01
21.00
21.00
20.99
20.98
20.98
20.98
20.98
20.98
20.98
20.97
20.97
20.96
20.96
20.96
20.94
20.93
20.93
20.92
20.92
20.92
20.91
20.91
20.91
20.90
20.89
20.89
20.89
20.89
20.89
20.89
20.89
20.88
20.88
20.87
20.87
20.86
20.86
20.86
20.85
20.86
20.86
20.86
20.86
20.86
20.87
20.88
20.88
20.89
20.90
20.91
20.92
20.91
20.91
20.92
20.93
20.93
20.94
20.94
20.95
20.96
20.97
20.98
20.98
20.98
20.98
20.99
20.99
20.99
20.99
21.00
21.00
21.00
21.00
21.00
21.00
21.00
21.01
21.01
21.02
21.02
21.03
21.04
21.04
21.04
21.04
21.04
21.04
21.04
21.04
21.04
21.04
21.04
21.04
21.04
21.04
21.04
21.04
21.04
21.04
21.04
21.04
21.04
21.04
21.03
21.02
21.01
21.00
21.00
21.00
21.00
21.00
21.00
21.00
21.00
21.00
21.00
21.00
21.00
21.00
21.00
21.00
21.00
21.01
21.01
21.01
21.01
21.01
21.02
21.02
21.02
21.02
21.02
21.02
21.02
21.02
21.02
21.02
21.02
21.02
21.02
21.02
21.02
21.02
21.02
21.02
21.02
21.02
21.01
21.01
21.01
21.02
21.03
21.02
21.02
21.02
21.02
21.02
21.02
21.02
21.01
21.01
21.01
21.00
21.00
21.00
21.00
21.00
21.00
21.00
21.00
21.00
21.00
21.00
21.00
21.00
20.98
20.98
20.98
20.98
20.97
20.97
20.97
20.97
20.96
20.97
20.96
20.96
20.97
20.97
20.97
20.97
20.97
20.97
20.97
20.97
20.97
20.97
20.97
20.97
20.97
20.98
20.99
20.99
20.99
21.00
21.01
21.02
21.02
21.03
21.03
21.04
21.04
21.04
21.04
21.04
21.05
21.05
21.05
21.06
21.06
21.06
21.07
21.07
21.07
21.07
21.06
21.05
21.06
21.07
21.07
21.06
21.05
21.05
21.05
21.05
21.06
21.06
21.06
21.05
21.05
21.04
21.05
21.06
21.06
21.06
21.07
21.07
21.07
21.07
21.07
21.07
21.08
21.07
21.06
21.06
21.06
21.07
21.07
21.07
21.07
21.06
21.06
21.06
21.06
21.06
21.06
21.06
21.05
21.04
21.04
21.04
21.03
21.03
21.03
21.03
21.03
21.02
21.02
21.03
21.03
21.03
21.02
21.03
21.03
21.03
21.04
21.04
21.04
21.04
21.04
21.04
21.03
21.03
21.03
21.03
21.03
21.03
21.03
21.04
21.04
21.04
21.04
21.04
21.03
21.02
21.02
21.02
21.01
21.01
21.02
21.02
21.02
21.02
21.03
21.03
21.03
21.03
21.04
21.04
21.04
21.04
21.04
21.04
21.03
21.03
21.03
21.03
21.03
21.03
21.04
21.04
21.04
21.04
21.04
21.04
21.03
21.03
21.03
21.03
21.03
21.03
21.03
21.03
21.03
21.03
21.03
21.03
21.03
21.04
21.04
21.04
21.04
21.04
21.04
21.04
21.03
21.03
21.02
21.02
21.02
21.02
21.03
21.03
21.02
21.03
21.04
21.04
21.03
21.03
21.03
21.03
21.03
21.03
21.02
21.02
21.02
21.02
21.02
21.02
21.02
21.03
21.03
21.03
21.03
21.03
21.03
21.02
21.02
21.02
21.02
21.02
21.02
21.02
21.02
21.02
21.02
21.02
21.03
21.03
21.04
21.04
21.04
21.04
21.04
21.04
21.04
21.04
21.04
21.04
21.04
21.04
21.04
21.04
21.04
21.04
21.03
21.04
21.04
21.04
21.04
21.04
21.04
21.04
21.04
21.04
21.04
21.04
21.04
21.04
21.05
21.06
21.06
21.06
21.06
21.06
21.06
21.07
21.07
21.07
21.08
21.08
21.07
21.07
21.07
21.06
21.05
21.05
21.04
21.04
21.04
21.03
21.02
21.02
21.02
21.01
21.00
21.00
21.00
21.00
21.00
21.00
20.99
20.99
21.00
20.99
20.99
20.99
20.99
20.99
21.01
21.01
21.01
21.02
21.02
21.02
21.02
21.02
21.02
21.03
21.04
21.04
21.04
21.04
21.04
21.04
21.04
21.04
21.04
21.03
21.03
21.04
21.04
21.04
21.04
21.04
21.04
21.04
21.04
21.04
21.04
21.05
21.06
21.07
21.07
21.07
21.07
21.07
21.07
21.07
21.07
21.07
21.07
21.07
21.07
21.07
21.06
21.06
21.05
21.04
21.04
21.04
21.03
21.03
21.03
21.03
21.02
21.01
20.99
20.98
20.96
20.95
20.94
20.94
20.94
20.94
20.93
20.92
20.92
20.92
20.92
20.92
20.92
20.94
20.95
20.95
20.95
20.95
20.95
20.95
20.94
20.94
20.94
20.95
20.96
20.98
20.98
20.99
20.99
20.99
20.99
21.00
21.01
21.01
21.01
21.01
21.01
21.01
21.01
21.02
21.02
21.02
21.02
21.02
21.02
21.03
21.03
21.04
21.04
21.05
21.04
21.04
21.04
21.04
21.04
21.04
21.04
21.04
21.04
21.04
21.04
21.05
21.06
21.05
21.04
21.04
21.04
21.04
21.04
21.04
21.04
21.04
21.04
21.03
21.02
21.03
21.04
21.04
21.04
21.04
21.04
21.04
21.04
21.03
21.03
21.03
21.02
21.01
21.01
21.01
21.01
21.01
21.01
21.00
21.00
21.00
21.00
20.99
20.99
20.99
20.98
20.98
20.98
20.98
20.98
20.98
20.98
20.98
20.98
20.98
20.98
20.98
20.98
20.98
20.98
20.98
20.98
20.99
21.00
21.00
21.00
21.00
21.01
21.01
21.01
21.00
21.00
21.00
21.00
21.00
20.99
20.99
20.99
20.99
20.99
20.99
20.99
20.98
20.98
20.98
20.97
20.97
20.95
20.95
20.94
20.93
20.92
20.92
20.91
20.90
20.90
20.89
20.88
20.87
20.87
20.88
20.87
20.86
20.86
20.86
20.85
20.84
20.84
20.83
20.84
20.84
20.84
20.85
20.86
20.86
20.87
20.88
20.89
20.90
20.91
20.92
20.92
20.93
20.94
20.94
20.94
20.95
20.96
20.96
20.97
20.98
20.98
20.99
21.00
21.00
21.01
21.01
21.01
21.00
21.00
21.00
21.00
21.01
21.01
21.01
21.01
21.02
21.02
21.02
21.02
21.03
21.04
21.04
21.05
21.05
21.05
21.06
21.06
21.06
21.06
21.06
21.06
21.06
21.06
21.07
21.07
21.07
21.06
21.06
21.06
21.06
21.05
21.05
21.05
21.05
21.04
21.04
21.03
21.02
21.02
21.02
21.01
21.01
21.01
21.01
21.01
21.00
20.99
20.99
20.99
20.99
20.99
21.00
21.01
21.02
21.03
21.04
21.04
21.05
21.06
21.06
21.06
21.06
21.06
21.06
21.07
21.07
21.07
21.07
21.08
21.08
21.10
21.10
21.10
21.10
21.10
21.10
21.10
21.10
21.09
21.08
21.07
21.07
21.07
21.06
21.06
21.07
21.07
21.07
21.07
21.06
21.06
21.06
21.06
21.05
21.05
21.04
21.04
21.04
21.03
21.03
21.03
21.03
21.02
21.03
21.03
21.03
21.02
21.01
21.01
21.01
21.00
21.00
21.01
21.02
21.02
21.02
21.03
21.04
21.04
21.04
21.04
21.05
21.06
21.06
21.06
21.06
21.07
21.08
21.07
21.08
21.08
21.08
21.08
21.09
21.09
21.09
21.09
21.09
21.08
21.09
21.10
21.09
21.08
21.08
21.09
21.09
21.09
21.08
21.08
21.08
21.08
21.07
21.06
21.06
21.05
21.05
21.05
21.05
21.05
21.05
21.06
21.06
21.05
21.05
21.04
21.04
21.04
21.04
21.03
21.02
21.02
21.03
21.03
21.03
21.02
21.02
21.02
21.02
21.02
21.02
21.02
21.02
21.01
21.00
21.00
20.99
20.99
20.99
20.99
21.00
21.00
21.00
21.00
21.01
21.01
21.01
21.00
21.00
21.00
21.01
21.02
21.03
21.04
21.04
21.04
21.04
21.04
21.05
21.06
21.07
21.07
21.07
21.07
21.07
21.06
21.06
21.06
21.06
21.05
21.05
21.05
21.05
21.06
21.06
21.06
21.05
21.04
21.04
21.04
21.04
21.05
21.06
21.05
21.04
21.04
21.04
21.04
21.04
21.04
21.04
21.04
21.04
21.04
21.04
21.04
21.04
21.04
21.03
21.02
21.02
21.02
21.02
21.01
21.01
20.99
20.98
20.96
20.96
20.95
20.95
20.95
20.95
20.95
20.95
20.95
20.95
20.95
20.95
20.95
20.95
20.95
20.95
20.95
20.96
20.96
20.96
20.96
20.97
20.97
20.98
20.99
21.00
21.00
21.01
21.01
21.01
21.01
21.00
21.00
20.99
20.99
20.98
20.98
20.98
20.97
20.97
20.97
20.97
20.97
20.97
20.96
20.96
20.96
20.95
20.94
20.94
20.94
20.94
20.94
20.94
20.94
20.94
20.95
20.95
20.96
20.96
20.97
20.97
20.98
20.98
20.98
20.98
20.98
20.98
20.97
20.98
20.98
20.98
20.98
20.98
20.97
20.97
20.96
20.95
20.95
20.95
20.95
20.95
20.95
20.95
20.95
20.95
20.94
20.94
20.94
20.93
20.93
20.93
20.94
20.95
20.95
20.95
20.95
20.96
20.97
20.98
20.98
20.99
21.00
21.00
21.00
21.00
21.00
21.00
21.00
21.00
21.01
21.03
21.03
21.03
21.04
21.04
21.04
21.04
21.04
21.04
21.04
21.04
21.03
21.01
21.01
21.00
21.00
21.00
21.00
21.00
21.00
21.00
21.00
21.00
21.00
20.99
20.98
20.98
20.98
20.98
20.98
20.98
20.97
20.97
20.96
20.96
20.96
20.97
20.98
20.98
20.98
20.98
20.98
20.98
20.98
20.98
20.98
20.98
20.98
20.98
20.98
20.98
20.98
20.98
20.98
20.98
20.98
20.99
20.99
21.00
21.00
21.00
21.00
21.00
21.00
21.00
21.00
21.00
21.00
21.00
21.00
20.99
20.99
20.99
20.99
20.99
20.99
21.00
21.00
21.00
21.01
21.01
21.01
21.01
21.01
21.01
21.01
21.01
21.01
21.02
21.03
21.04
21.04
21.04
21.04
21.04
21.04
21.05
21.05
21.06
21.07
21.07
21.06
21.06
21.07
21.07
21.08
21.09
21.10
21.10
21.10
21.10
21.10
21.10
21.10
21.09
21.08
21.09
21.09
21.10
21.10
21.10
21.10
21.10
21.10
21.09
21.10
21.10
21.11
21.11
21.11
21.11
21.10
21.10
21.10
21.10
21.10
21.10
21.10
21.10
21.10
21.11
21.11
21.12
21.12
21.12
21.12
21.13
21.13
21.14
21.15
21.14
21.13
21.12
21.11
21.10
21.10
21.10
21.10
21.10
21.10
21.10
21.10
21.09
21.09
21.09
21.08
21.07
21.06
21.05
21.04
21.04
21.04
21.03
21.02
21.01
21.01
21.01
21.01
21.01
21.01
21.00
21.00
20.99
20.99
20.99
20.99
20.99
20.99
20.99
20.99
20.99
20.99
20.99
20.99
20.99
21.00
21.00
21.00
21.00
21.00
21.00
21.00
21.00
21.00
21.00
21.00
21.00
21.01
21.01
21.01
21.01
21.01
21.01
21.01
21.02
21.03
21.04
21.04
21.04
21.04
21.04
21.04
21.05
21.05
21.06
21.07
21.08
21.09
21.10
21.10
21.10
21.10
21.10
21.11
21.12
21.12
21.12
21.12
21.12
21.11
21.10
21.10
21.10
21.09
21.09
21.09
21.08
21.07
21.07
21.06
21.05
21.04
21.04
21.03
21.02
21.02
21.02
21.02
21.01
21.00
21.00
21.00
21.00
21.00
21.00
21.01
21.02
21.02
21.02
21.02
21.02
21.02
21.03
21.04
21.04
21.05
21.06
21.07
21.07
21.08
21.08
21.08
21.08
21.09
21.10
21.10
21.10
21.10
21.10
21.10
21.10
21.09
21.09
21.09
21.09
21.10
21.10
21.09
21.08
21.07
21.06
21.05
21.04
21.04
21.03
21.02
21.02
21.02
21.00
20.99
20.99
20.98
20.98
20.98
20.98
20.98
20.98
20.98
20.98
20.98
20.97
20.98
20.98
20.98
20.98
20.98
20.98
20.99
20.99
20.99
21.00
21.00
21.00
21.01
21.01
21.01
21.02
21.02
21.02
21.03
21.03
21.03
21.03
21.03
21.03
21.03
21.02
21.03
21.03
21.03
21.03
21.02
21.02
21.03
21.03
21.03
21.03
21.03
21.03
21.03
21.03
21.02
21.02
21.02
21.02
21.02
21.03
21.04
21.04
21.04
21.04
21.05
21.04
21.05
21.05
21.05
21.05
21.05
21.04
21.04
21.04
21.04
21.04
21.04
21.04
21.04
21.04
21.04
21.04
21.04
21.04
21.04
21.04
21.03
21.04
21.04
21.03
21.04
21.03
21.03
21.03
21.03
21.03
21.03
21.03
21.03
21.03
21.03
21.03
21.02
21.02
21.02
21.02
21.02
21.01
21.01
21.01
21.00
20.99
20.98
20.98
20.98
20.97
20.97
20.97
20.97
20.97
20.97
20.96
20.96
20.96
20.96
20.96
20.96
20.97
20.97
20.97
20.97
20.97
20.98
20.98
20.98
20.98
20.98
20.98
20.98
20.99
20.99
21.00
21.00
21.00
21.00
21.00
21.01
21.01
21.01
21.01
21.01
21.01
21.01
21.00
21.00
21.00
21.00
20.99
20.98
20.98
20.97
20.97
20.97
20.96
20.96
20.96
20.95
20.95
20.95
20.95
20.95
20.95
20.95
20.95
20.95
20.96
20.97
20.98
20.98
20.98
20.99
21.00
21.01
21.02
21.03
21.04
21.04
21.04
21.04
21.04
21.04
21.04
21.04
21.04
21.04
21.04
21.03
21.02
21.02
21.02
21.00
20.99
20.98
20.98
20.97
20.95
20.94
20.94
20.93
20.92
20.92
20.92
20.91
20.91
20.91
20.91
20.91
20.91
20.91
20.91
20.91
20.92
20.92
20.92
20.91
20.92
20.92
20.92
20.92
20.92
20.93
20.93
20.93
20.94
20.95
20.96
20.96
20.97
20.97
20.97
20.97
20.97
20.97
20.96
20.96
20.95
20.95
20.95
20.95
20.96
20.95
20.94
20.93
20.93
20.92
20.92
20.92
20.92
20.92
20.91
20.90
20.89
20.88
20.87
20.86
20.86
20.86
20.85
20.85
20.86
20.86
20.86
20.87
20.87
20.87
20.88
20.89
20.90
20.91
20.91
20.91
20.91
20.91
20.92
20.92
20.93
20.94
20.95
20.96
20.97
20.98
20.98
20.98
20.98
20.98
20.98
20.98
20.98
20.98
20.98
20.98
20.98
20.98
20.98
20.98
20.97
20.97
20.97
20.97
20.97
20.97
20.97
20.97
20.97
20.97
20.97
20.97
20.98
20.98
20.98
20.98
20.98
20.98
20.98
20.98
20.98
20.98
20.98
20.98
20.99
21.00
21.00
21.00
21.00
21.00
21.00
21.00
21.00
21.01
21.01
21.01
21.02
21.02
21.02
21.02
21.02
21.02
21.02
21.02
21.02
21.02
21.03
21.03
21.03
21.03
21.03
21.03
21.02
21.01
21.01
21.01
21.01
21.02
21.01
21.01
21.01
21.01
21.01
21.01
21.01
21.01
21.01
21.01
21.01
21.01
21.01
21.00
21.00
21.00
21.00
20.99
20.99
20.99
21.00
20.99
20.98
20.98
20.97
20.97
20.96
20.95
20.94
20.93
20.93
20.93
20.93
20.93
20.92
20.92
20.92
20.91
20.91
20.90
20.90
20.90
20.90
20.90
20.91
20.91
20.91
20.92
20.92
20.92
20.93
20.95
20.96
20.96
20.97
20.97
20.97
20.97
20.97
20.98
20.97
20.98
20.98
20.98
20.99
20.99
20.99
21.00
21.00
21.00
21.00
21.01
21.00
21.00
21.00
20.99
20.98
20.98
20.98
20.98
20.98
20.98
20.98
20.98
20.98
20.99
20.99
20.99
20.99
20.99
20.99
20.99
20.99
20.99
21.00
21.00
21.00
21.01
21.02
21.02
21.02
21.02
21.02
21.03
21.03
21.03
21.04
21.04
21.04
21.04
21.04
21.05
21.06
21.07
21.07
21.07
21.07
21.08
21.08
21.08
21.09
21.09
21.09
21.09
21.10
21.10
21.10
21.10
21.10
21.10
21.10
21.09
21.08
21.08
21.08
21.08
21.06
21.04
21.04
21.03
21.03
21.02
21.00
21.00
20.99
20.98
20.97
20.97
20.96
20.95
20.95
20.94
20.93
20.92
20.92
20.92
20.92
20.91
20.90
20.90
20.90
20.91
20.92
20.91
20.92
20.91
20.91
20.91
20.91
20.91
20.92
20.92
20.92
20.92
20.92
20.91
20.91
20.91
20.91
20.91
20.92
20.92
20.92
20.93
20.92
20.92
20.92
20.92
20.92
20.92
20.93
20.94
20.95
20.95
20.95
20.95
20.95
20.95
20.95
20.96
20.97
20.98
20.98
20.98
20.98
20.98
20.98
20.99
20.99
21.00
21.00
21.00
21.00
21.01
21.01
21.01
21.00
21.00
21.00
21.00
21.00
21.01
21.01
21.01
21.00
21.00
21.00
21.00
21.00
21.00
21.00
20.99
20.98
20.98
20.98
20.98
20.98
20.98
20.98
20.98
20.98
20.98
20.98
20.97
20.97
20.97
20.96
20.96
20.96
20.97
20.97
20.97
20.97
20.97
20.97
20.97
20.98
20.98
20.98
20.98
20.98
20.98
20.98
20.98
20.98
20.98
20.98
20.98
20.98
20.98
20.98
20.98
20.98
20.98
20.98
20.98
20.98
20.98
20.98
20.98
20.98
20.98
20.98
20.98
20.98
20.98
20.98
20.98
20.98
20.98
20.98
20.98
20.98
20.98
20.98
20.98
20.98
20.97
20.97
20.97
20.97
20.96
20.96
20.96
20.96
20.96
20.96
20.97
20.97
20.97
20.97
20.97
20.97
20.97
20.97
20.97
20.97
20.98
20.99
20.99
21.00
21.00
21.02
21.03
21.03
21.03
21.04
21.05
21.06
21.07
21.08
21.08
21.08
21.09
21.09
21.09
21.09
21.09
21.09
21.09
21.09
21.10
21.09
21.08
21.08
21.08
21.08
21.07
21.06
21.06
21.06
21.05
21.04
21.04
21.03
21.02
21.02
21.02
21.01
21.01
21.01
21.01
21.01
21.01
21.00
20.99
20.98
20.97
20.97
20.96
20.95
20.95
20.95
20.95
20.94
20.93
20.93
20.93
20.92
20.92
20.92
20.92
20.92
20.91
20.91
20.91
20.91
20.92
20.92
20.93
20.94
20.95
20.96
20.97
20.98
21.00
21.00
21.00
21.01
21.03
21.04
21.05
21.05
21.06
21.06
21.06
21.07
21.08
21.09
21.10
21.10
21.10
21.10
21.10
21.10
21.10
21.10
21.10
21.10
21.09
21.08
21.08
21.08
21.07
21.06
21.05
21.04
21.04
21.04
21.05
21.05
21.05
21.05
21.05
21.04
21.04
21.04
21.04
21.04
21.04
21.05
21.05
21.06
21.07
21.07
21.07
21.07
21.08
21.09
21.09
21.09
21.10
21.10
21.10
21.10
21.10
21.10
21.10
21.10
21.10
21.10
21.10
21.10
21.09
21.08
21.07
21.07
21.06
21.05
21.05
21.05
21.05
21.04
21.03
21.03
21.03
21.02
21.02
21.01
21.01
21.01
21.01
21.02
21.02
21.02
21.02
21.03
21.03
21.03
21.03
21.03
21.03
21.04
21.04
21.05
21.05
21.05
21.06
21.06
21.06
21.06
21.06
21.06
21.06
21.06
21.07
21.07
21.06
21.05
21.05
21.06
21.05
21.06
21.07
21.08
21.08
21.08
21.07
21.06
21.05
21.05
21.05
21.05
21.05
21.05
21.04
21.04
21.04
21.03
21.03
21.01
21.00
21.00
20.99
20.99
20.98
20.98
20.98
20.97
20.96
20.96
20.96
20.96
20.95
20.95
20.95
20.95
20.95
20.95
20.95
20.96
20.96
20.97
20.98
20.98
20.98
20.98
20.98
20.99
20.99
20.99
20.99
20.99
20.99
20.99
20.99
20.99
20.99
21.00
21.00
21.00
21.00
21.00
21.00
21.00
21.00
21.01
21.01
21.01
21.01
21.01
21.01
21.01
21.01
21.01
21.01
21.01
21.01
21.01
21.01
21.01
21.01
21.01
21.01
21.01
21.01
21.01
21.01
21.01
21.02
21.03
21.03
21.03
21.03
21.03
21.04
21.04
21.04
21.04
21.04
21.04
21.04
21.04
21.04
21.04
21.04
21.04
21.05
21.05
21.05
21.05
21.05
21.05
21.05
21.04
21.04
21.03
21.03
21.03
21.03
21.02
21.02
21.01
21.01
21.01
21.00
21.00
21.00
21.00
21.00
21.00
21.00
20.99
20.99
20.99
20.99
20.99
20.99
20.99
20.99
20.99
20.99
20.99
20.99
20.99
20.99
20.99
20.98
20.98
20.98
20.98
20.98
20.98
20.98
20.97
20.96
20.95
20.95
20.95
20.95
20.95
20.95
20.95
20.95
20.95
20.95
20.95
20.95
20.95
20.95
20.95
20.95
20.96
20.96
20.96
20.96
20.96
20.96
20.96
20.97
20.98
20.98
20.98
20.98
20.98
20.98
20.98
20.98
20.98
20.98
20.98
20.98
20.98
20.98
20.98
20.98
20.98
20.98
20.98
20.98
20.99
20.99
20.99
21.00
21.00
21.01
21.02
21.03
21.04
21.04
21.06
21.07
21.08
21.09
21.10
21.10
21.11
21.12
21.13
21.14
21.15
21.16
21.16
21.16
21.16
21.17
21.18
21.19
21.19
21.19
21.18
21.18
21.17
21.16
21.16
21.15
21.15
21.14
21.13
21.12
21.11
21.10
21.10
21.10
21.09
21.08
21.07
21.07
21.08
21.08
21.08
21.08
21.08
21.07
21.07
21.07
21.07
21.08
21.09
21.10
21.10
21.10
21.10
21.10
21.10
21.11
21.12
21.11
21.11
21.11
21.11
21.11
21.11
21.10
21.10
21.09
21.07
21.05
21.05
21.05
21.05
21.04
21.04
21.03
21.02
21.01
21.00
21.00
21.00
21.00
20.98
20.98
20.98
20.98
20.98
20.98
20.98
20.98
20.98
20.98
20.98
20.98
20.98
20.98
20.97
20.97
20.97
20.97
20.97
20.97
20.97
20.97
20.96
20.96
20.95
20.96
20.96
20.95
20.95
20.94
20.94
20.94
20.94
20.95
20.95
20.96
20.97
20.97
20.98
20.98
20.99
21.00
21.01
21.01
21.01
21.02
21.02
21.04
21.04
21.06
21.06
21.07
21.08
21.08
21.08
21.08
21.08
21.08
21.08
21.08
21.07
21.07
21.07
21.07
21.07
21.06
21.06
21.06
21.06
21.06
21.05
21.06
21.05
21.05
21.05
21.06
21.06
21.07
21.08
21.09
21.10
21.10
21.10
21.11
21.12
21.12
21.12
21.12
21.13
21.14
21.15
21.15
21.15
21.16
21.16
21.16
21.16
21.16
21.16
21.15
21.15
21.15
21.15
21.15
21.14
21.13
21.14
21.13
21.12
21.11
21.11
21.11
21.11
21.10
21.10
21.10
21.10
21.09
21.08
21.07
21.07
21.07
21.07
21.06
21.06
21.05
21.04
21.04
21.03
21.03
21.04
21.03
21.03
21.03
21.03
21.02
21.02
21.02
21.01
21.00
21.00
20.98
20.98
20.98
20.98
20.97
20.96
20.96
20.95
20.95
20.94
20.93
20.93
20.93
20.92
20.90
20.88
20.86
20.83
20.79
20.74
20.68
20.62
20.54
20.44
20.33
20.21
20.08
19.93
19.78
19.61
19.44
19.24
19.05
18.83
18.62
18.40
18.16
17.90
17.64
17.38
17.12
16.85
16.60
16.34
16.08
15.83
15.59
15.36
15.13
14.92
14.71
14.51
14.32
14.14
13.97
13.80
13.65
13.49
13.35
13.22
13.09
12.97
12.86
12.76
12.66
12.58
12.48
12.40
12.34
12.27
12.20
12.13
12.07
12.02
11.97
11.92
11.88
11.84
11.80
11.77
11.74
11.72
11.70
11.68
11.65
11.63
11.61
11.59
11.57
11.56
11.54
11.53
11.51
11.50
11.49
11.48
11.48
11.47
11.46
11.46
11.46
11.45
11.44
11.44
11.44
11.43
11.43
11.43
11.43
11.43
11.43
11.44
11.44
11.44
11.44
11.44
11.44
11.44
11.45
11.45
11.45
11.44
11.45
11.45
11.44
11.44
11.44
11.44
11.44
11.43
11.43
11.42
11.41
11.40
11.39
11.38
11.37
11.37
11.37
11.36
11.36
11.35
11.34
11.33
11.33
11.33
11.32
11.32
11.31
11.30
11.30
11.29
11.29
11.29
11.28
11.28
11.28
11.27
11.28
11.27
11.27
11.27
11.27
11.27
11.27
11.27
11.28
11.29
11.29
11.29
11.29
11.30
11.30
11.31
11.32
11.32
11.32
11.32
11.32
11.32
11.32
11.32
11.33
11.33
11.33
11.34
11.34
11.34
11.34
11.34
11.34
11.34
11.34
11.34
11.34
11.34
11.34
11.34
11.34
11.33
11.33
11.33
11.32
11.32
11.32
11.32
11.32
11.31
11.31
11.32
11.32
11.32
11.32
11.31
11.31
11.31
11.31
11.31
11.31
11.31
11.30
11.30
11.30
11.29
11.30
11.30
11.30
11.31
11.32
11.32
11.32
11.33
11.35
11.35
11.35
11.35
11.36
11.36
11.37
11.37
11.37
11.37
11.37
11.37
11.37
11.38
11.38
11.38
11.38
11.38
11.38
11.38
11.38
11.38
11.38
11.38
11.38
11.38
11.38
11.38
11.38
11.38
11.38
11.38
11.38
11.38
11.38
11.38
11.38
11.38
11.38
11.38
11.38
11.38
11.38
11.38
11.38
11.38
11.38
11.38
11.38
11.38
11.38
11.38
11.38
11.38
11.37
11.37
11.37
11.37
11.37
11.37
11.37
11.37
11.37
11.37
11.37
11.37
11.37
11.37
11.37
11.37
11.37
11.37
11.36
11.36
11.36
11.36
11.35
11.35
11.35
11.35
11.35
11.35
11.35
11.36
11.36
11.36
11.36
11.36
11.36
11.36
11.36
11.36
11.36
11.36
11.36
11.36
11.36
11.37
11.37
11.37
11.37
11.37
11.37
11.37
11.37
11.37
11.38
11.38
11.37
11.38
11.38
11.39
11.39
11.39
11.40
11.41
11.41
11.41
11.42
11.43
11.44
11.44
11.44
11.45
11.46
11.46
11.46
11.47
11.47
11.47
11.47
11.46
11.46
11.46
11.45
11.44
11.44
11.44
11.44
11.43
11.42
11.42
11.43
11.42
11.41
11.41
11.41
11.41
11.40
11.39
11.39
11.39
11.38
11.38
11.38
11.39
11.39
11.39
11.39
11.39
11.39
11.39
11.39
11.39
11.39
11.39
11.38
11.38
11.38
11.38
11.37
11.36
11.36
11.36
11.36
11.36
11.36
11.36
11.36
11.35
11.34
11.33
11.32
11.32
11.32
11.32
11.32
11.32
11.32
11.32
11.32
11.32
11.32
11.32
11.32
11.32
11.32
11.32
11.32
11.32
11.32
11.32
11.32
11.32
11.32
11.32
11.33
11.35
11.36
11.37
11.37
11.38
11.38
11.38
11.38
11.38
11.38
11.38
11.39
11.40
11.40
11.40
11.40
11.40
11.40
11.40
11.40
11.40
11.40
11.40
11.40
11.40
11.39
11.39
11.38
11.38
11.38
11.38
11.38
11.38
11.37
11.37
11.37
11.36
11.36
11.36
11.36
